# Temperature 	 Temp_diff 	 Eng_diff 	 Heat_cap 	
1.330118 	 0.000000 	 0.000000 	 -nan 
1.330118 	 0.614124 	 58.034690 	 47.250000 
1.944242 	 1.396866 	 132.003821 	 47.250000 
3.341108 	 1.368648 	 129.337247 	 47.250000 
4.709756 	 1.043777 	 98.636905 	 47.250000 
5.753532 	 0.691214 	 65.319741 	 47.250000 
6.444747 	 0.469914 	 44.406906 	 47.250000 
6.914661 	 0.372322 	 35.184459 	 47.250000 
7.286983 	 0.311013 	 29.390704 	 47.250000 
7.597996 	 0.250931 	 23.713023 	 47.250000 
7.848928 	 0.146066 	 13.803271 	 47.250000 
7.994994 	 -0.216607 	 -20.469330 	 47.250000 
7.778387 	 -1.408702 	 -133.122366 	 47.250000 
6.369685 	 -1.920467 	 -181.484164 	 47.250000 
4.449218 	 0.440200 	 41.598921 	 47.250000 
4.889418 	 0.724030 	 68.420878 	 47.250000 
5.613448 	 0.113951 	 10.768367 	 47.250000 
5.727399 	 0.111919 	 10.576324 	 47.250000 
5.839318 	 0.090253 	 8.528899 	 47.250000 
5.929571 	 -0.653864 	 -61.790131 	 47.250000 
5.275707 	 -0.488087 	 -46.124230 	 47.250000 
4.787620 	 0.619819 	 58.572904 	 47.250000 
5.407439 	 0.933032 	 88.171561 	 47.250000 
6.340471 	 0.699616 	 66.113704 	 47.250000 
7.040087 	 0.165543 	 15.643850 	 47.250000 
7.205631 	 -0.237112 	 -22.407127 	 47.250000 
6.968518 	 -0.287247 	 -27.144830 	 47.250000 
6.681271 	 -0.671870 	 -63.491712 	 47.250000 
6.009401 	 -0.456634 	 -43.151891 	 47.250000 
5.552768 	 0.257400 	 24.324305 	 47.250000 
5.810168 	 0.508095 	 48.014940 	 47.250000 
6.318262 	 0.038183 	 3.608247 	 47.250000 
6.356445 	 -0.124366 	 -11.752625 	 47.250000 
6.232078 	 0.209368 	 19.785321 	 47.250000 
6.441447 	 0.272163 	 25.719413 	 47.250000 
6.713610 	 0.073716 	 6.966159 	 47.250000 
6.787326 	 -0.558042 	 -52.734946 	 47.250000 
6.229284 	 -0.020799 	 -1.965506 	 47.250000 
6.208485 	 0.282504 	 26.696637 	 47.250000 
6.490989 	 0.533188 	 50.386269 	 47.250000 
7.024177 	 -0.196771 	 -18.594838 	 47.250000 
6.827407 	 -0.624166 	 -58.983717 	 47.250000 
6.203240 	 0.068983 	 6.518865 	 47.250000 
6.272223 	 0.131952 	 12.469427 	 47.250000 
6.404175 	 0.171680 	 16.223756 	 47.250000 
6.575855 	 -0.273666 	 -25.861479 	 47.250000 
6.302188 	 -0.216926 	 -20.499476 	 47.250000 
6.085262 	 0.096806 	 9.148162 	 47.250000 
6.182068 	 0.053429 	 5.049082 	 47.250000 
6.235498 	 0.016473 	 1.556727 	 47.250000 
6.251971 	 -0.045705 	 -4.319161 	 47.250000 
6.206266 	 0.007088 	 0.669820 	 47.250000 
6.213354 	 0.017909 	 1.692390 	 47.250000 
6.231263 	 -0.498823 	 -47.138766 	 47.250000 
5.732440 	 -0.076494 	 -7.228697 	 47.250000 
5.655946 	 0.007064 	 0.667552 	 47.250000 
5.663010 	 0.063545 	 6.004982 	 47.250000 
5.726554 	 0.023303 	 2.202088 	 47.250000 
5.749857 	 -0.137376 	 -12.982037 	 47.250000 
5.612481 	 0.065397 	 6.180050 	 47.250000 
5.677878 	 0.314825 	 29.750960 	 47.250000 
5.992703 	 0.205922 	 19.459675 	 47.250000 
6.198626 	 0.102020 	 9.640855 	 47.250000 
6.300645 	 0.349355 	 33.014030 	 47.250000 
6.650000 	 0.331617 	 31.337761 	 47.250000 
6.981617 	 -0.106837 	 -10.096059 	 47.250000 
6.874780 	 -0.024680 	 -2.332276 	 47.250000 
6.850100 	 -0.283556 	 -26.796039 	 47.250000 
6.566544 	 -0.132759 	 -12.545680 	 47.250000 
6.433785 	 -0.355830 	 -33.625970 	 47.250000 
6.077955 	 -0.409375 	 -38.685968 	 47.250000 
5.668580 	 0.347145 	 32.805248 	 47.250000 
6.015725 	 0.049867 	 4.712468 	 47.250000 
6.065593 	 -0.107827 	 -10.189617 	 47.250000 
5.957766 	 0.479743 	 45.335745 	 47.250000 
6.437509 	 0.301511 	 28.492829 	 47.250000 
6.739021 	 -0.750669 	 -70.938176 	 47.250000 
5.988352 	 -0.944482 	 -89.253525 	 47.250000 
5.043870 	 0.113178 	 10.695300 	 47.250000 
5.157048 	 0.271309 	 25.638690 	 47.250000 
5.428357 	 0.448795 	 42.411093 	 47.250000 
5.877152 	 0.355116 	 33.558476 	 47.250000 
6.232268 	 0.032968 	 3.115481 	 47.250000 
6.265236 	 -0.542682 	 -51.283450 	 47.250000 
5.722554 	 0.112748 	 10.654675 	 47.250000 
5.835302 	 0.491496 	 46.446366 	 47.250000 
6.326798 	 0.059028 	 5.578144 	 47.250000 
6.385826 	 -0.127453 	 -12.044287 	 47.250000 
6.258373 	 -0.205378 	 -19.408240 	 47.250000 
6.052995 	 -0.050125 	 -4.736835 	 47.250000 
6.002869 	 -0.015821 	 -1.495114 	 47.250000 
5.987048 	 0.102666 	 9.701901 	 47.250000 
6.089714 	 0.504694 	 47.693547 	 47.250000 
6.594407 	 0.121811 	 11.511168 	 47.250000 
6.716219 	 -0.185128 	 -17.494587 	 47.250000 
6.531091 	 -0.148652 	 -14.047647 	 47.250000 
6.382438 	 -0.440577 	 -41.634495 	 47.250000 
5.941862 	 0.031426 	 2.969744 	 47.250000 
5.973288 	 0.071214 	 6.729765 	 47.250000 
6.044502 	 -0.253292 	 -23.936103 	 47.250000 
5.791210 	 0.360526 	 34.069709 	 47.250000 
6.151736 	 0.568410 	 53.714742 	 47.250000 
6.720146 	 0.130511 	 12.333302 	 47.250000 
6.850657 	 0.148495 	 14.032735 	 47.250000 
6.999152 	 -0.106227 	 -10.038496 	 47.250000 
6.892924 	 -0.253465 	 -23.952414 	 47.250000 
6.639459 	 -0.157672 	 -14.899971 	 47.250000 
6.481788 	 -0.055508 	 -5.245489 	 47.250000 
6.426280 	 -0.355769 	 -33.620135 	 47.250000 
6.070511 	 0.105588 	 9.978019 	 47.250000 
6.176099 	 0.560005 	 52.920445 	 47.250000 
6.736104 	 0.258600 	 24.437725 	 47.250000 
6.994704 	 -0.178011 	 -16.822052 	 47.250000 
6.816693 	 -0.313132 	 -29.591012 	 47.250000 
6.503560 	 -0.082780 	 -7.822673 	 47.250000 
6.420781 	 0.023384 	 2.209787 	 47.250000 
6.444165 	 -0.056384 	 -5.328328 	 47.250000 
6.387780 	 -0.259284 	 -24.502361 	 47.250000 
6.128496 	 0.226104 	 21.366812 	 47.250000 
6.354600 	 0.198649 	 18.772334 	 47.250000 
6.553249 	 0.050381 	 4.760990 	 47.250000 
6.603630 	 -0.030071 	 -2.841747 	 47.250000 
6.573558 	 -0.128963 	 -12.187006 	 47.250000 
6.444595 	 0.013378 	 1.264246 	 47.250000 
6.457974 	 0.171897 	 16.244261 	 47.250000 
6.629871 	 0.105454 	 9.965398 	 47.250000 
6.735324 	 -0.206867 	 -19.548945 	 47.250000 
6.528457 	 -0.299156 	 -28.270218 	 47.250000 
6.229302 	 -0.123950 	 -11.713288 	 47.250000 
6.105351 	 0.362504 	 34.256639 	 47.250000 
6.467856 	 -0.328606 	 -31.053298 	 47.250000 
6.139249 	 0.009593 	 0.906570 	 47.250000 
6.148843 	 0.730109 	 68.995320 	 47.250000 
6.878952 	 -0.111316 	 -10.519323 	 47.250000 
6.767636 	 -0.098832 	 -9.339608 	 47.250000 
6.668804 	 0.004877 	 0.460866 	 47.250000 
6.673681 	 -0.047091 	 -4.450133 	 47.250000 
6.626590 	 -0.047001 	 -4.441567 	 47.250000 
6.579589 	 -0.543352 	 -51.346802 	 47.250000 
6.036237 	 0.100272 	 9.475670 	 47.250000 
6.136508 	 0.379968 	 35.907015 	 47.250000 
6.516477 	 -0.169145 	 -15.984206 	 47.250000 
6.347332 	 0.017963 	 1.697505 	 47.250000 
6.365295 	 -0.036798 	 -3.477434 	 47.250000 
6.328497 	 0.251854 	 23.800223 	 47.250000 
6.580351 	 0.290257 	 27.429285 	 47.250000 
6.870608 	 0.175190 	 16.555485 	 47.250000 
7.045798 	 -0.155698 	 -14.713486 	 47.250000 
6.890100 	 -0.172353 	 -16.287340 	 47.250000 
6.717747 	 0.005569 	 0.526279 	 47.250000 
6.723316 	 -0.282540 	 -26.700065 	 47.250000 
6.440776 	 -0.021634 	 -2.044382 	 47.250000 
6.419142 	 0.084954 	 8.028179 	 47.250000 
6.504096 	 0.035701 	 3.373698 	 47.250000 
6.539797 	 -0.110577 	 -10.449549 	 47.250000 
6.429220 	 0.269631 	 25.480110 	 47.250000 
6.698850 	 0.445842 	 42.132053 	 47.250000 
7.144692 	 -0.636065 	 -60.108118 	 47.250000 
6.508628 	 -0.461630 	 -43.624064 	 47.250000 
6.046997 	 -0.335375 	 -31.692953 	 47.250000 
5.711622 	 -0.035933 	 -3.395621 	 47.250000 
5.675690 	 0.543088 	 51.321790 	 47.250000 
6.218777 	 0.364256 	 34.422221 	 47.250000 
6.583034 	 -0.482459 	 -45.592357 	 47.250000 
6.100575 	 0.714656 	 67.535001 	 47.250000 
6.815231 	 0.386083 	 36.484807 	 47.250000 
7.201313 	 -0.153626 	 -14.517639 	 47.250000 
7.047688 	 -0.288686 	 -27.280862 	 47.250000 
6.759001 	 -0.328804 	 -31.071963 	 47.250000 
6.430197 	 -0.039529 	 -3.735461 	 47.250000 
6.390669 	 0.447945 	 42.330778 	 47.250000 
6.838614 	 -0.063523 	 -6.002883 	 47.250000 
6.775091 	 -0.030656 	 -2.897009 	 47.250000 
6.744435 	 0.146039 	 13.800680 	 47.250000 
6.890474 	 0.014397 	 1.360504 	 47.250000 
6.904871 	 -0.253669 	 -23.971681 	 47.250000 
6.651202 	 -0.413859 	 -39.109665 	 47.250000 
6.237343 	 0.086732 	 8.196143 	 47.250000 
6.324075 	 -0.012370 	 -1.169011 	 47.250000 
6.311704 	 0.194577 	 18.387568 	 47.250000 
6.506282 	 0.509742 	 48.170580 	 47.250000 
7.016023 	 0.022445 	 2.121045 	 47.250000 
7.038468 	 -0.146563 	 -13.850187 	 47.250000 
6.891905 	 -0.224779 	 -21.241600 	 47.250000 
6.667127 	 -0.335058 	 -31.663023 	 47.250000 
6.332068 	 -0.124055 	 -11.723153 	 47.250000 
6.208014 	 0.616627 	 58.271281 	 47.250000 
6.824641 	 0.644031 	 60.860930 	 47.250000 
7.468672 	 0.141697 	 13.390380 	 47.250000 
7.610369 	 -0.199711 	 -18.872683 	 47.250000 
7.410658 	 -0.417742 	 -39.476656 	 47.250000 
6.992916 	 -0.170734 	 -16.134354 	 47.250000 
6.822182 	 -0.520301 	 -49.168432 	 47.250000 
6.301881 	 0.032543 	 3.075323 	 47.250000 
6.334424 	 0.535310 	 50.586823 	 47.250000 
6.869734 	 0.149392 	 14.117501 	 47.250000 
7.019126 	 0.123297 	 11.651548 	 47.250000 
7.142423 	 0.061674 	 5.828212 	 47.250000 
7.204097 	 -0.352173 	 -33.280315 	 47.250000 
6.851924 	 -0.204771 	 -19.350891 	 47.250000 
6.647153 	 0.283699 	 26.809594 	 47.250000 
6.930852 	 -5.263221 	 -497.374346 	 47.250000 
1.667632 	 0.677965 	 64.067676 	 47.250000 
2.345597 	 0.255649 	 24.158808 	 47.250000 
2.601245 	 0.046225 	 4.368261 	 47.250000 
2.647470 	 0.087075 	 8.228542 	 47.250000 
2.734545 	 0.144678 	 13.672089 	 47.250000 
2.879223 	 0.067541 	 6.382612 	 47.250000 
2.946764 	 -0.017305 	 -1.635325 	 47.250000 
2.929459 	 -0.004248 	 -0.401468 	 47.250000 
2.925211 	 0.006833 	 0.645743 	 47.250000 
2.932044 	 0.140861 	 13.311334 	 47.250000 
3.072904 	 0.087480 	 8.266877 	 47.250000 
3.160385 	 -0.204335 	 -19.309611 	 47.250000 
2.956050 	 -0.235817 	 -22.284738 	 47.250000 
2.720233 	 -0.114025 	 -10.775400 	 47.250000 
2.606207 	 -0.112934 	 -10.672255 	 47.250000 
2.493274 	 -0.176739 	 -16.701849 	 47.250000 
2.316534 	 -0.042645 	 -4.029978 	 47.250000 
2.273889 	 0.169733 	 16.039810 	 47.250000 
2.443623 	 0.184684 	 17.452657 	 47.250000 
2.628307 	 0.042436 	 4.010170 	 47.250000 
2.670742 	 -0.145523 	 -13.751934 	 47.250000 
2.525219 	 -0.050947 	 -4.814470 	 47.250000 
2.474273 	 0.199661 	 18.868003 	 47.250000 
2.673934 	 0.230321 	 21.765294 	 47.250000 
2.904254 	 0.050335 	 4.756634 	 47.250000 
2.954589 	 -0.046026 	 -4.349481 	 47.250000 
2.908563 	 -0.099084 	 -9.363410 	 47.250000 
2.809479 	 -0.226797 	 -21.432363 	 47.250000 
2.582682 	 -0.214814 	 -20.299898 	 47.250000 
2.367868 	 -0.067366 	 -6.366058 	 47.250000 
2.300502 	 0.076215 	 7.202305 	 47.250000 
2.376717 	 0.212128 	 20.046057 	 47.250000 
2.588845 	 0.231674 	 21.893156 	 47.250000 
2.820518 	 0.169989 	 16.063933 	 47.250000 
2.990507 	 0.015237 	 1.439920 	 47.250000 
3.005744 	 -0.060423 	 -5.710005 	 47.250000 
2.945321 	 -0.027004 	 -2.551899 	 47.250000 
2.918317 	 -0.135279 	 -12.783878 	 47.250000 
2.783038 	 -0.233388 	 -22.055166 	 47.250000 
2.549650 	 -0.008902 	 -0.841268 	 47.250000 
2.540747 	 0.284232 	 26.859966 	 47.250000 
2.824980 	 0.166590 	 15.742760 	 47.250000 
2.991570 	 -0.152286 	 -14.391067 	 47.250000 
2.839283 	 -0.145044 	 -13.706635 	 47.250000 
2.694240 	 0.051954 	 4.909671 	 47.250000 
2.746194 	 0.140531 	 13.280134 	 47.250000 
2.886724 	 0.058354 	 5.514451 	 47.250000 
2.945078 	 0.054820 	 5.180462 	 47.250000 
2.999898 	 0.056762 	 5.364049 	 47.250000 
3.056661 	 -0.142141 	 -13.432340 	 47.250000 
2.914519 	 -0.238406 	 -22.529346 	 47.250000 
2.676114 	 -0.088419 	 -8.355570 	 47.250000 
2.587695 	 -0.004154 	 -0.392531 	 47.250000 
2.583541 	 0.175052 	 16.542432 	 47.250000 
2.758593 	 0.055169 	 5.213443 	 47.250000 
2.813762 	 -0.051111 	 -4.829959 	 47.250000 
2.762651 	 -0.053940 	 -5.097312 	 47.250000 
2.708711 	 -0.049575 	 -4.684798 	 47.250000 
2.659137 	 0.039180 	 3.702484 	 47.250000 
2.698317 	 0.144138 	 13.621008 	 47.250000 
2.842454 	 0.131111 	 12.389965 	 47.250000 
2.973565 	 0.045826 	 4.330558 	 47.250000 
3.019391 	 -0.086704 	 -8.193505 	 47.250000 
2.932687 	 -0.152011 	 -14.365018 	 47.250000 
2.780677 	 -0.016373 	 -1.547248 	 47.250000 
2.764304 	 0.033192 	 3.136685 	 47.250000 
2.797496 	 0.052290 	 4.941399 	 47.250000 
2.849786 	 0.063983 	 6.046405 	 47.250000 
2.913769 	 0.092964 	 8.785106 	 47.250000 
3.006733 	 -0.018269 	 -1.726460 	 47.250000 
2.988464 	 -0.153484 	 -14.504235 	 47.250000 
2.834980 	 -0.069202 	 -6.539615 	 47.250000 
2.765777 	 0.062234 	 5.881071 	 47.250000 
2.828011 	 0.073604 	 6.955585 	 47.250000 
2.901615 	 0.019311 	 1.824869 	 47.250000 
2.920926 	 -0.026284 	 -2.483807 	 47.250000 
2.894642 	 -0.045625 	 -4.311595 	 47.250000 
2.849017 	 0.082810 	 7.825555 	 47.250000 
2.931827 	 0.197685 	 18.681253 	 47.250000 
3.129512 	 -0.065809 	 -6.218946 	 47.250000 
3.063703 	 -0.234591 	 -22.168850 	 47.250000 
2.829112 	 -0.140965 	 -13.321207 	 47.250000 
2.688147 	 0.068094 	 6.434860 	 47.250000 
2.756241 	 0.139926 	 13.222975 	 47.250000 
2.896166 	 0.163538 	 15.454370 	 47.250000 
3.059705 	 -0.014359 	 -1.356934 	 47.250000 
3.045346 	 -0.293291 	 -27.716002 	 47.250000 
2.752055 	 -0.163949 	 -15.493159 	 47.250000 
2.588106 	 0.101491 	 9.590913 	 47.250000 
2.689597 	 0.155586 	 14.702872 	 47.250000 
2.845183 	 0.092706 	 8.760717 	 47.250000 
2.937889 	 -0.041063 	 -3.880440 	 47.250000 
2.896826 	 -0.177417 	 -16.765927 	 47.250000 
2.719409 	 -0.184115 	 -17.398869 	 47.250000 
2.535294 	 -0.125102 	 -11.822125 	 47.250000 
2.410192 	 0.001618 	 0.152921 	 47.250000 
2.411810 	 0.166366 	 15.721629 	 47.250000 
2.578177 	 0.180204 	 17.029319 	 47.250000 
2.758381 	 0.088143 	 8.329493 	 47.250000 
2.846524 	 0.088212 	 8.336005 	 47.250000 
2.934736 	 0.046850 	 4.427336 	 47.250000 
2.981586 	 -0.017454 	 -1.649400 	 47.250000 
2.964132 	 0.014455 	 1.366009 	 47.250000 
2.978587 	 0.046156 	 4.361721 	 47.250000 
3.024743 	 0.103707 	 9.800276 	 47.250000 
3.128449 	 0.035344 	 3.339969 	 47.250000 
3.163793 	 -0.176788 	 -16.706448 	 47.250000 
2.987005 	 -0.184182 	 -17.405239 	 47.250000 
2.802823 	 0.022507 	 2.126872 	 47.250000 
2.825329 	 0.124304 	 11.746727 	 47.250000 
2.949633 	 0.070859 	 6.696167 	 47.250000 
3.020492 	 -0.005947 	 -0.561986 	 47.250000 
3.014545 	 -0.082422 	 -7.788924 	 47.250000 
2.932123 	 -0.121449 	 -11.476960 	 47.250000 
2.810673 	 -0.069974 	 -6.612573 	 47.250000 
2.740699 	 -0.031887 	 -3.013362 	 47.250000 
2.708812 	 0.006432 	 0.607828 	 47.250000 
2.715244 	 0.074184 	 7.010351 	 47.250000 
2.789427 	 -0.095813 	 -9.054362 	 47.250000 
2.693614 	 -0.008674 	 -0.819694 	 47.250000 
2.684940 	 0.156180 	 14.759009 	 47.250000 
2.841120 	 0.009679 	 0.914697 	 47.250000 
2.850799 	 -0.073306 	 -6.927404 	 47.250000 
2.777493 	 0.029500 	 2.787783 	 47.250000 
2.806994 	 0.029873 	 2.822991 	 47.250000 
2.836867 	 -0.162655 	 -15.370862 	 47.250000 
2.674212 	 -0.147645 	 -13.952439 	 47.250000 
2.526567 	 0.195913 	 18.513803 	 47.250000 
2.722480 	 0.166118 	 15.698150 	 47.250000 
2.888598 	 0.013341 	 1.260725 	 47.250000 
2.901939 	 -0.047436 	 -4.482709 	 47.250000 
2.854503 	 -0.060766 	 -5.742429 	 47.250000 
2.793737 	 -0.156611 	 -14.799775 	 47.250000 
2.637126 	 -0.191378 	 -18.085239 	 47.250000 
2.445747 	 -0.140777 	 -13.303404 	 47.250000 
2.304971 	 0.027897 	 2.636286 	 47.250000 
2.332868 	 0.234331 	 22.144271 	 47.250000 
2.567199 	 0.221700 	 20.950671 	 47.250000 
2.788899 	 -0.016634 	 -1.571956 	 47.250000 
2.772264 	 -0.118685 	 -11.215690 	 47.250000 
2.653580 	 0.018238 	 1.723477 	 47.250000 
2.671818 	 0.144947 	 13.697517 	 47.250000 
2.816765 	 0.094506 	 8.930795 	 47.250000 
2.911271 	 -0.009177 	 -0.867216 	 47.250000 
2.902094 	 0.072439 	 6.845501 	 47.250000 
2.974533 	 0.066739 	 6.306858 	 47.250000 
3.041272 	 -0.105241 	 -9.945244 	 47.250000 
2.936032 	 -0.120578 	 -11.394615 	 47.250000 
2.815454 	 0.040868 	 3.862034 	 47.250000 
2.856322 	 0.082265 	 7.774005 	 47.250000 
2.938586 	 -0.004785 	 -0.452163 	 47.250000 
2.933802 	 0.069969 	 6.612074 	 47.250000 
3.003771 	 0.067276 	 6.357557 	 47.250000 
3.071046 	 -0.001792 	 -0.169388 	 47.250000 
3.069254 	 -0.126534 	 -11.957450 	 47.250000 
2.942720 	 -0.138342 	 -13.073304 	 47.250000 
2.804378 	 0.052753 	 4.985130 	 47.250000 
2.857131 	 0.059573 	 5.629603 	 47.250000 
2.916703 	 -0.036648 	 -3.463193 	 47.250000 
2.880056 	 -0.016365 	 -1.546512 	 47.250000 
2.863691 	 0.005455 	 0.515540 	 47.250000 
2.869146 	 -0.136694 	 -12.917630 	 47.250000 
2.732452 	 0.003483 	 0.329178 	 47.250000 
2.735935 	 0.144440 	 13.649552 	 47.250000 
2.880375 	 -0.105064 	 -9.928576 	 47.250000 
2.775310 	 -0.094989 	 -8.976420 	 47.250000 
2.680322 	 0.075840 	 7.166848 	 47.250000 
2.756161 	 -0.028134 	 -2.658621 	 47.250000 
2.728028 	 -0.050719 	 -4.792968 	 47.250000 
2.677309 	 0.097726 	 9.235065 	 47.250000 
2.775034 	 0.042896 	 4.053685 	 47.250000 
2.817930 	 0.070747 	 6.685595 	 47.250000 
2.888677 	 0.131677 	 12.443520 	 47.250000 
3.020355 	 -0.004831 	 -0.456553 	 47.250000 
3.015524 	 -0.159016 	 -15.026983 	 47.250000 
2.856508 	 -0.247909 	 -23.427398 	 47.250000 
2.608599 	 -0.092313 	 -8.723535 	 47.250000 
2.516286 	 0.132467 	 12.518143 	 47.250000 
2.648754 	 0.128379 	 12.131800 	 47.250000 
2.777132 	 0.069356 	 6.554181 	 47.250000 
2.846489 	 0.132676 	 12.537904 	 47.250000 
2.979165 	 0.149498 	 14.127546 	 47.250000 
3.128663 	 0.064869 	 6.130128 	 47.250000 
3.193532 	 -0.082177 	 -7.765720 	 47.250000 
3.111355 	 -0.210565 	 -19.898381 	 47.250000 
2.900790 	 -0.116026 	 -10.964500 	 47.250000 
2.784764 	 0.026683 	 2.521550 	 47.250000 
2.811447 	 0.124289 	 11.745358 	 47.250000 
2.935736 	 0.164192 	 15.516127 	 47.250000 
3.099928 	 0.068303 	 6.454671 	 47.250000 
3.168231 	 -0.123044 	 -11.627651 	 47.250000 
3.045188 	 -0.203033 	 -19.186665 	 47.250000 
2.842154 	 -0.159321 	 -15.055823 	 47.250000 
2.682833 	 -0.061780 	 -5.838230 	 47.250000 
2.621053 	 0.052039 	 4.917701 	 47.250000 
2.673092 	 0.077496 	 7.323354 	 47.250000 
2.750588 	 -0.012226 	 -1.155345 	 47.250000 
2.738362 	 -0.061263 	 -5.789352 	 47.250000 
2.677099 	 -0.052348 	 -4.946915 	 47.250000 
2.624751 	 -1.502975 	 -142.031129 	 47.250000 
1.121776 	 0.295558 	 27.930217 	 47.250000 
1.417334 	 0.273098 	 25.807784 	 47.250000 
1.690432 	 0.157968 	 14.927940 	 47.250000 
1.848400 	 0.054202 	 5.122116 	 47.250000 
1.902602 	 -0.004901 	 -0.463153 	 47.250000 
1.897701 	 -0.008386 	 -0.792459 	 47.250000 
1.889315 	 -0.019386 	 -1.831985 	 47.250000 
1.869929 	 -0.058956 	 -5.571352 	 47.250000 
1.810973 	 -0.060115 	 -5.680821 	 47.250000 
1.750858 	 -0.006285 	 -0.593920 	 47.250000 
1.744573 	 0.062608 	 5.916492 	 47.250000 
1.807182 	 0.070797 	 6.690317 	 47.250000 
1.877979 	 0.025171 	 2.378666 	 47.250000 
1.903150 	 -0.002758 	 -0.260655 	 47.250000 
1.900392 	 0.019911 	 1.881590 	 47.250000 
1.920303 	 0.045832 	 4.331167 	 47.250000 
1.966135 	 -0.032443 	 -3.065895 	 47.250000 
1.933692 	 -0.121304 	 -11.463226 	 47.250000 
1.812388 	 -0.041662 	 -3.937055 	 47.250000 
1.770726 	 0.078671 	 7.434363 	 47.250000 
1.849396 	 0.062964 	 5.950080 	 47.250000 
1.912360 	 0.020609 	 1.947551 	 47.250000 
1.932969 	 0.001561 	 0.147522 	 47.250000 
1.934530 	 -0.010013 	 -0.946183 	 47.250000 
1.924518 	 -0.023718 	 -2.241334 	 47.250000 
1.900800 	 -0.052317 	 -4.943912 	 47.250000 
1.848483 	 -0.045646 	 -4.313522 	 47.250000 
1.802838 	 0.002930 	 0.276858 	 47.250000 
1.805767 	 0.023761 	 2.245427 	 47.250000 
1.829528 	 0.008357 	 0.789772 	 47.250000 
1.837886 	 -0.004430 	 -0.418625 	 47.250000 
1.833456 	 -0.002747 	 -0.259583 	 47.250000 
1.830709 	 0.001727 	 0.163183 	 47.250000 
1.832436 	 0.052601 	 4.970775 	 47.250000 
1.885037 	 0.099536 	 9.406174 	 47.250000 
1.984573 	 0.062067 	 5.865337 	 47.250000 
2.046640 	 -0.018691 	 -1.766283 	 47.250000 
2.027949 	 -0.021177 	 -2.001237 	 47.250000 
2.006772 	 0.034228 	 3.234591 	 47.250000 
2.041000 	 0.038733 	 3.660271 	 47.250000 
2.079733 	 -0.000410 	 -0.038724 	 47.250000 
2.079324 	 -0.045328 	 -4.283534 	 47.250000 
2.033995 	 -0.059350 	 -5.608573 	 47.250000 
1.974645 	 -0.029995 	 -2.834501 	 47.250000 
1.944651 	 -0.000325 	 -0.030738 	 47.250000 
1.944325 	 0.037413 	 3.535532 	 47.250000 
1.981738 	 0.076814 	 7.258901 	 47.250000 
2.058552 	 0.049093 	 4.639251 	 47.250000 
2.107645 	 -0.043505 	 -4.111269 	 47.250000 
2.064139 	 -0.105027 	 -9.925084 	 47.250000 
1.959112 	 -0.057654 	 -5.448278 	 47.250000 
1.901458 	 0.003116 	 0.294509 	 47.250000 
1.904575 	 -0.007914 	 -0.747859 	 47.250000 
1.896661 	 -0.011120 	 -1.050816 	 47.250000 
1.885541 	 0.020971 	 1.981769 	 47.250000 
1.906512 	 0.041189 	 3.892387 	 47.250000 
1.947701 	 0.052160 	 4.929152 	 47.250000 
1.999862 	 0.059179 	 5.592423 	 47.250000 
2.059041 	 0.047177 	 4.458192 	 47.250000 
2.106217 	 0.036908 	 3.487818 	 47.250000 
2.143126 	 0.044094 	 4.166900 	 47.250000 
2.187220 	 0.008317 	 0.785947 	 47.250000 
2.195537 	 -0.093972 	 -8.880387 	 47.250000 
2.101564 	 -0.143947 	 -13.602965 	 47.250000 
1.957618 	 -0.088943 	 -8.405159 	 47.250000 
1.868674 	 -0.036946 	 -3.491407 	 47.250000 
1.831728 	 -0.025640 	 -2.422950 	 47.250000 
1.806088 	 -0.019031 	 -1.798476 	 47.250000 
1.787057 	 -0.006655 	 -0.628887 	 47.250000 
1.780402 	 0.017679 	 1.670623 	 47.250000 
1.798081 	 0.011861 	 1.120911 	 47.250000 
1.809942 	 -0.013260 	 -1.253041 	 47.250000 
1.796682 	 0.010955 	 1.035222 	 47.250000 
1.807637 	 0.086512 	 8.175360 	 47.250000 
1.894149 	 0.092901 	 8.779097 	 47.250000 
1.987049 	 -0.017904 	 -1.691922 	 47.250000 
1.969145 	 -0.100339 	 -9.482058 	 47.250000 
1.868806 	 -0.021170 	 -2.000529 	 47.250000 
1.847636 	 0.062210 	 5.878867 	 47.250000 
1.909847 	 0.070518 	 6.663935 	 47.250000 
1.980365 	 0.077195 	 7.294906 	 47.250000 
2.057559 	 0.104074 	 9.835026 	 47.250000 
2.161634 	 0.073104 	 6.908337 	 47.250000 
2.234738 	 -0.061722 	 -5.832751 	 47.250000 
2.173016 	 -0.175703 	 -16.603938 	 47.250000 
1.997312 	 -0.129258 	 -12.214900 	 47.250000 
1.868054 	 -0.014103 	 -1.332740 	 47.250000 
1.853951 	 0.072416 	 6.843315 	 47.250000 
1.926367 	 0.104264 	 9.852993 	 47.250000 
2.030632 	 0.021211 	 2.004469 	 47.250000 
2.051843 	 -0.085122 	 -8.044002 	 47.250000 
1.966721 	 -0.089237 	 -8.432936 	 47.250000 
1.877484 	 -0.054151 	 -5.117271 	 47.250000 
1.823333 	 -0.052341 	 -4.946220 	 47.250000 
1.770992 	 0.018283 	 1.727723 	 47.250000 
1.789275 	 0.081407 	 7.692957 	 47.250000 
1.870682 	 0.043475 	 4.108389 	 47.250000 
1.914157 	 0.001449 	 0.136905 	 47.250000 
1.915605 	 -0.020346 	 -1.922686 	 47.250000 
1.895260 	 -0.037558 	 -3.549249 	 47.250000 
1.857701 	 -0.010277 	 -0.971215 	 47.250000 
1.847424 	 0.010584 	 1.000214 	 47.250000 
1.858008 	 -0.011499 	 -1.086686 	 47.250000 
1.846509 	 -0.028908 	 -2.731827 	 47.250000 
1.817601 	 -0.053586 	 -5.063849 	 47.250000 
1.764015 	 -0.067698 	 -6.397457 	 47.250000 
1.696317 	 -0.020607 	 -1.947380 	 47.250000 
1.675710 	 0.052296 	 4.941999 	 47.250000 
1.728006 	 0.069413 	 6.559563 	 47.250000 
1.797419 	 0.043427 	 4.103805 	 47.250000 
1.840846 	 0.029515 	 2.789199 	 47.250000 
1.870361 	 0.018183 	 1.718281 	 47.250000 
1.888544 	 0.003151 	 0.297805 	 47.250000 
1.891696 	 0.003205 	 0.302892 	 47.250000 
1.894901 	 0.001743 	 0.164703 	 47.250000 
1.896644 	 -0.009238 	 -0.872983 	 47.250000 
1.887406 	 -0.029578 	 -2.795098 	 47.250000 
1.857828 	 -0.037580 	 -3.551340 	 47.250000 
1.820248 	 -0.025273 	 -2.388252 	 47.250000 
1.794975 	 -0.034627 	 -3.272262 	 47.250000 
1.760348 	 -0.051480 	 -4.864844 	 47.250000 
1.708868 	 0.010382 	 0.981082 	 47.250000 
1.719250 	 0.117729 	 11.125360 	 47.250000 
1.836979 	 0.107395 	 10.148806 	 47.250000 
1.944373 	 0.004592 	 0.433902 	 47.250000 
1.948965 	 -0.027477 	 -2.596572 	 47.250000 
1.921488 	 0.050080 	 4.732587 	 47.250000 
1.971568 	 0.070079 	 6.622443 	 47.250000 
2.041647 	 -0.007855 	 -0.742265 	 47.250000 
2.033792 	 -0.046743 	 -4.417173 	 47.250000 
1.987050 	 -0.019491 	 -1.841930 	 47.250000 
1.967559 	 -0.037493 	 -3.543080 	 47.250000 
1.930066 	 -0.049425 	 -4.670652 	 47.250000 
1.880641 	 0.004569 	 0.431735 	 47.250000 
1.885209 	 -0.035698 	 -3.373470 	 47.250000 
1.849511 	 -0.009089 	 -0.858953 	 47.250000 
1.840422 	 0.055983 	 5.290380 	 47.250000 
1.896405 	 0.046980 	 4.439577 	 47.250000 
1.943384 	 0.012815 	 1.211052 	 47.250000 
1.956200 	 -0.010655 	 -1.006897 	 47.250000 
1.945545 	 -0.010347 	 -0.977792 	 47.250000 
1.935198 	 -0.025956 	 -2.452802 	 47.250000 
1.909242 	 -0.050442 	 -4.766788 	 47.250000 
1.858800 	 -0.021125 	 -1.996347 	 47.250000 
1.837675 	 0.023817 	 2.250699 	 47.250000 
1.861491 	 0.053811 	 5.085113 	 47.250000 
1.915302 	 0.050069 	 4.731487 	 47.250000 
1.965371 	 -0.001982 	 -0.187291 	 47.250000 
1.963389 	 -0.017169 	 -1.622467 	 47.250000 
1.946220 	 0.030963 	 2.925970 	 47.250000 
1.977183 	 0.035729 	 3.376379 	 47.250000 
2.012911 	 0.010691 	 1.010345 	 47.250000 
2.023603 	 0.002589 	 0.244661 	 47.250000 
2.026192 	 -0.012325 	 -1.164734 	 47.250000 
2.013867 	 -0.017357 	 -1.640230 	 47.250000 
1.996510 	 0.023635 	 2.233480 	 47.250000 
2.020144 	 0.022207 	 2.098525 	 47.250000 
2.042351 	 -0.049786 	 -4.704759 	 47.250000 
1.992565 	 -0.119248 	 -11.268936 	 47.250000 
1.873317 	 -0.115721 	 -10.935628 	 47.250000 
1.757596 	 -0.066246 	 -6.260262 	 47.250000 
1.691350 	 -0.068826 	 -6.504030 	 47.250000 
1.622524 	 -0.025809 	 -2.438975 	 47.250000 
1.596715 	 0.032410 	 3.062763 	 47.250000 
1.629125 	 0.040194 	 3.798314 	 47.250000 
1.669319 	 0.051600 	 4.876186 	 47.250000 
1.720919 	 0.076025 	 7.184390 	 47.250000 
1.796944 	 0.034668 	 3.276147 	 47.250000 
1.831613 	 -0.012775 	 -1.207245 	 47.250000 
1.818838 	 0.005606 	 0.529743 	 47.250000 
1.824443 	 0.002650 	 0.250412 	 47.250000 
1.827093 	 -0.019262 	 -1.820253 	 47.250000 
1.807831 	 0.046898 	 4.431884 	 47.250000 
1.854729 	 0.092632 	 8.753769 	 47.250000 
1.947362 	 0.056281 	 5.318549 	 47.250000 
2.003643 	 -0.006981 	 -0.659690 	 47.250000 
1.996662 	 -0.079712 	 -7.532821 	 47.250000 
1.916950 	 -0.114956 	 -10.863377 	 47.250000 
1.801993 	 -0.077509 	 -7.324615 	 47.250000 
1.724484 	 -0.008167 	 -0.771785 	 47.250000 
1.716317 	 0.055915 	 5.283948 	 47.250000 
1.772232 	 0.056418 	 5.331546 	 47.250000 
1.828650 	 0.021602 	 2.041388 	 47.250000 
1.850252 	 0.027290 	 2.578874 	 47.250000 
1.877542 	 0.024421 	 2.307805 	 47.250000 
1.901963 	 -0.001909 	 -0.180404 	 47.250000 
1.900054 	 0.020183 	 1.907286 	 47.250000 
1.920237 	 0.048372 	 4.571178 	 47.250000 
1.968609 	 -0.005993 	 -0.566367 	 47.250000 
1.962616 	 -0.078562 	 -7.424125 	 47.250000 
1.884054 	 -0.075780 	 -7.161257 	 47.250000 
1.808273 	 -0.006039 	 -0.570709 	 47.250000 
1.802234 	 0.058837 	 5.560144 	 47.250000 
1.861072 	 -0.000057 	 -0.005356 	 47.250000 
1.861015 	 -0.107330 	 -10.142678 	 47.250000 
1.753685 	 -0.135310 	 -12.786784 	 47.250000 
1.618375 	 -0.043054 	 -4.068581 	 47.250000 
1.575321 	 0.112759 	 10.655706 	 47.250000 
1.688080 	 0.128484 	 12.141750 	 47.250000 
1.816564 	 -0.745660 	 -70.464874 	 47.250000 
1.070904 	 0.080517 	 7.608826 	 47.250000 
1.151421 	 0.081365 	 7.688974 	 47.250000 
1.232786 	 0.092549 	 8.745838 	 47.250000 
1.325334 	 0.113949 	 10.768176 	 47.250000 
1.439283 	 0.092633 	 8.753796 	 47.250000 
1.531916 	 0.015663 	 1.480160 	 47.250000 
1.547579 	 -0.038580 	 -3.645830 	 47.250000 
1.508999 	 -0.047916 	 -4.528085 	 47.250000 
1.461083 	 -0.023053 	 -2.178535 	 47.250000 
1.438029 	 0.015968 	 1.508941 	 47.250000 
1.453997 	 -0.009720 	 -0.918528 	 47.250000 
1.444277 	 -0.066921 	 -6.323994 	 47.250000 
1.377356 	 -0.077433 	 -7.317372 	 47.250000 
1.299924 	 -0.043163 	 -4.078940 	 47.250000 
1.256761 	 -0.001226 	 -0.115840 	 47.250000 
1.255535 	 0.029201 	 2.759540 	 47.250000 
1.284736 	 0.016288 	 1.539193 	 47.250000 
1.301024 	 -0.026899 	 -2.541973 	 47.250000 
1.274125 	 -0.029139 	 -2.753634 	 47.250000 
1.244986 	 0.008080 	 0.763554 	 47.250000 
1.253066 	 0.035667 	 3.370499 	 47.250000 
1.288732 	 0.051644 	 4.880364 	 47.250000 
1.340377 	 0.054743 	 5.173185 	 47.250000 
1.395119 	 0.022749 	 2.149827 	 47.250000 
1.417869 	 -0.026268 	 -2.482326 	 47.250000 
1.391601 	 -0.047040 	 -4.445272 	 47.250000 
1.344561 	 -0.027160 	 -2.566595 	 47.250000 
1.317401 	 0.009259 	 0.874971 	 47.250000 
1.326660 	 0.052299 	 4.942212 	 47.250000 
1.378959 	 0.078604 	 7.428043 	 47.250000 
1.457562 	 0.056500 	 5.339249 	 47.250000 
1.514062 	 -0.004400 	 -0.415828 	 47.250000 
1.509662 	 -0.067535 	 -6.382089 	 47.250000 
1.442127 	 -0.093979 	 -8.880975 	 47.250000 
1.348148 	 -0.055781 	 -5.271344 	 47.250000 
1.292367 	 0.013832 	 1.307170 	 47.250000 
1.306199 	 0.051664 	 4.882255 	 47.250000 
1.357863 	 0.053425 	 5.048635 	 47.250000 
1.411288 	 0.011061 	 1.045245 	 47.250000 
1.422349 	 -0.052214 	 -4.934259 	 47.250000 
1.370134 	 -0.049110 	 -4.640920 	 47.250000 
1.321024 	 0.036207 	 3.421585 	 47.250000 
1.357231 	 0.091005 	 8.599991 	 47.250000 
1.448236 	 0.060899 	 5.754999 	 47.250000 
1.509136 	 0.008230 	 0.777722 	 47.250000 
1.517366 	 -0.012291 	 -1.161524 	 47.250000 
1.505074 	 -0.006923 	 -0.654179 	 47.250000 
1.498152 	 -0.004435 	 -0.419071 	 47.250000 
1.493717 	 -0.007498 	 -0.708591 	 47.250000 
1.486219 	 0.007489 	 0.707686 	 47.250000 
1.493708 	 0.014967 	 1.414345 	 47.250000 
1.508674 	 -0.015126 	 -1.429360 	 47.250000 
1.493549 	 -0.060468 	 -5.714180 	 47.250000 
1.433081 	 -0.084077 	 -7.945233 	 47.250000 
1.349005 	 -0.056054 	 -5.297065 	 47.250000 
1.292951 	 0.023962 	 2.264445 	 47.250000 
1.316914 	 0.076537 	 7.232703 	 47.250000 
1.393450 	 0.051096 	 4.828536 	 47.250000 
1.444546 	 -0.000574 	 -0.054249 	 47.250000 
1.443972 	 -0.013339 	 -1.260543 	 47.250000 
1.430633 	 -0.013060 	 -1.234134 	 47.250000 
1.417573 	 -0.028402 	 -2.684023 	 47.250000 
1.389171 	 -0.035306 	 -3.336457 	 47.250000 
1.353864 	 -0.058386 	 -5.517514 	 47.250000 
1.295478 	 -0.058996 	 -5.575096 	 47.250000 
1.236482 	 0.005257 	 0.496783 	 47.250000 
1.241739 	 0.040470 	 3.824432 	 47.250000 
1.282209 	 0.064221 	 6.068846 	 47.250000 
1.346430 	 0.100398 	 9.487581 	 47.250000 
1.446827 	 0.088938 	 8.404614 	 47.250000 
1.535765 	 0.049277 	 4.656630 	 47.250000 
1.585042 	 0.008815 	 0.832990 	 47.250000 
1.593856 	 -0.024267 	 -2.293208 	 47.250000 
1.569590 	 -0.056799 	 -5.367465 	 47.250000 
1.512791 	 -0.107655 	 -10.173422 	 47.250000 
1.405136 	 -0.137272 	 -12.972172 	 47.250000 
1.267864 	 -0.051935 	 -4.907817 	 47.250000 
1.215930 	 0.076228 	 7.203529 	 47.250000 
1.292157 	 0.106844 	 10.096713 	 47.250000 
1.399001 	 0.088135 	 8.328777 	 47.250000 
1.487136 	 0.081376 	 7.690048 	 47.250000 
1.568512 	 0.055083 	 5.205360 	 47.250000 
1.623595 	 0.006345 	 0.599598 	 47.250000 
1.629940 	 -0.021304 	 -2.013218 	 47.250000 
1.608637 	 -0.030271 	 -2.860578 	 47.250000 
1.578366 	 -0.035393 	 -3.344598 	 47.250000 
1.542973 	 -0.033220 	 -3.139298 	 47.250000 
1.509753 	 -0.036430 	 -3.442677 	 47.250000 
1.473323 	 -0.036198 	 -3.420692 	 47.250000 
1.437125 	 -0.005732 	 -0.541703 	 47.250000 
1.431393 	 0.041816 	 3.951565 	 47.250000 
1.473208 	 0.038367 	 3.625647 	 47.250000 
1.511575 	 -0.033699 	 -3.184593 	 47.250000 
1.477875 	 -0.088289 	 -8.343292 	 47.250000 
1.389587 	 -0.074483 	 -7.038639 	 47.250000 
1.315104 	 -0.041061 	 -3.880289 	 47.250000 
1.274042 	 -0.014903 	 -1.408317 	 47.250000 
1.259140 	 0.036010 	 3.402971 	 47.250000 
1.295150 	 0.077641 	 7.337084 	 47.250000 
1.372791 	 0.059120 	 5.586835 	 47.250000 
1.431911 	 0.010644 	 1.005865 	 47.250000 
1.442555 	 -0.004838 	 -0.457203 	 47.250000 
1.437717 	 0.034380 	 3.248937 	 47.250000 
1.472097 	 0.039166 	 3.701203 	 47.250000 
1.511263 	 -0.017714 	 -1.673965 	 47.250000 
1.493549 	 -0.049826 	 -4.708527 	 47.250000 
1.443724 	 -0.019776 	 -1.868869 	 47.250000 
1.423947 	 0.027702 	 2.617867 	 47.250000 
1.451650 	 0.030955 	 2.925245 	 47.250000 
1.482605 	 -0.025006 	 -2.363075 	 47.250000 
1.457598 	 -0.085535 	 -8.083025 	 47.250000 
1.372064 	 -0.080131 	 -7.572406 	 47.250000 
1.291933 	 0.001193 	 0.112737 	 47.250000 
1.293126 	 0.079850 	 7.545842 	 47.250000 
1.372976 	 0.065035 	 6.145805 	 47.250000 
1.438011 	 -0.022223 	 -2.100092 	 47.250000 
1.415788 	 -0.107538 	 -10.162307 	 47.250000 
1.308250 	 -0.098217 	 -9.281516 	 47.250000 
1.210033 	 0.042344 	 4.001545 	 47.250000 
1.252377 	 0.127300 	 12.029851 	 47.250000 
1.379677 	 0.077983 	 7.369402 	 47.250000 
1.457660 	 0.006652 	 0.628628 	 47.250000 
1.464312 	 -0.016013 	 -1.513188 	 47.250000 
1.448300 	 -0.005265 	 -0.497506 	 47.250000 
1.443035 	 0.011488 	 1.085643 	 47.250000 
1.454524 	 0.026576 	 2.511439 	 47.250000 
1.481100 	 0.030435 	 2.876128 	 47.250000 
1.511535 	 0.025918 	 2.449238 	 47.250000 
1.537453 	 0.010260 	 0.969613 	 47.250000 
1.547713 	 -0.019334 	 -1.827046 	 47.250000 
1.528379 	 -0.038873 	 -3.673475 	 47.250000 
1.489507 	 -0.038484 	 -3.636747 	 47.250000 
1.451022 	 -0.025666 	 -2.425419 	 47.250000 
1.425357 	 0.002118 	 0.200140 	 47.250000 
1.427475 	 0.045849 	 4.332775 	 47.250000 
1.473324 	 0.066064 	 6.243093 	 47.250000 
1.539388 	 0.030799 	 2.910511 	 47.250000 
1.570188 	 -0.035668 	 -3.370594 	 47.250000 
1.534520 	 -0.082791 	 -7.823761 	 47.250000 
1.451729 	 -0.065186 	 -6.160090 	 47.250000 
1.386543 	 0.007326 	 0.692325 	 47.250000 
1.393869 	 0.065816 	 6.219618 	 47.250000 
1.459685 	 0.042752 	 4.040030 	 47.250000 
1.502437 	 -0.045341 	 -4.284683 	 47.250000 
1.457096 	 -0.094147 	 -8.896880 	 47.250000 
1.362949 	 -0.038653 	 -3.652729 	 47.250000 
1.324296 	 0.042337 	 4.000801 	 47.250000 
1.366632 	 0.080616 	 7.618230 	 47.250000 
1.447249 	 0.101283 	 9.571233 	 47.250000 
1.548531 	 0.081201 	 7.673533 	 47.250000 
1.629733 	 0.010504 	 0.992639 	 47.250000 
1.640237 	 -0.061780 	 -5.838252 	 47.250000 
1.578457 	 -0.108897 	 -10.290783 	 47.250000 
1.469559 	 -0.121650 	 -11.495923 	 47.250000 
1.347909 	 -0.088362 	 -8.350233 	 47.250000 
1.259547 	 -0.023574 	 -2.227743 	 47.250000 
1.235973 	 0.034000 	 3.213031 	 47.250000 
1.269973 	 0.055663 	 5.260188 	 47.250000 
1.325637 	 0.044651 	 4.219498 	 47.250000 
1.370288 	 0.012958 	 1.224497 	 47.250000 
1.383245 	 -0.047254 	 -4.465491 	 47.250000 
1.335991 	 -0.056361 	 -5.326151 	 47.250000 
1.279630 	 0.046387 	 4.383577 	 47.250000 
1.326017 	 0.135592 	 12.813433 	 47.250000 
1.461609 	 0.118678 	 11.215081 	 47.250000 
1.580287 	 0.044496 	 4.204859 	 47.250000 
1.624783 	 -0.020407 	 -1.928473 	 47.250000 
1.604376 	 -0.032435 	 -3.065095 	 47.250000 
1.571941 	 -0.003696 	 -0.349319 	 47.250000 
1.568244 	 -0.005574 	 -0.526772 	 47.250000 
1.562670 	 -0.053066 	 -5.014739 	 47.250000 
1.509604 	 -0.088922 	 -8.403107 	 47.250000 
1.420682 	 -0.049236 	 -4.652846 	 47.250000 
1.371446 	 0.037946 	 3.585859 	 47.250000 
1.409391 	 0.070768 	 6.687562 	 47.250000 
1.480159 	 0.036937 	 3.490565 	 47.250000 
1.517096 	 -0.018739 	 -1.770836 	 47.250000 
1.498357 	 -0.064259 	 -6.072466 	 47.250000 
1.434099 	 -0.066796 	 -6.312187 	 47.250000 
1.367303 	 0.004303 	 0.406636 	 47.250000 
1.371606 	 0.086545 	 8.178526 	 47.250000 
1.458151 	 0.080502 	 7.607435 	 47.250000 
1.538653 	 -0.005883 	 -0.555983 	 47.250000 
1.532770 	 -0.105424 	 -9.962540 	 47.250000 
1.427346 	 -0.133472 	 -12.613093 	 47.250000 
1.293874 	 -0.015372 	 -1.452688 	 47.250000 
1.278502 	 0.106943 	 10.106088 	 47.250000 
1.385445 	 0.119289 	 11.272839 	 47.250000 
1.504734 	 0.082432 	 7.789862 	 47.250000 
1.587166 	 0.002593 	 0.245003 	 47.250000 
1.589759 	 -0.066726 	 -6.305561 	 47.250000 
1.523033 	 -0.070820 	 -6.692507 	 47.250000 
1.452213 	 -0.047476 	 -4.486470 	 47.250000 
1.404737 	 -0.008347 	 -0.788785 	 47.250000 
1.396390 	 0.035305 	 3.336306 	 47.250000 
1.431695 	 0.020865 	 1.971726 	 47.250000 
1.452560 	 -0.031653 	 -2.991247 	 47.250000 
1.420907 	 -0.059442 	 -5.617228 	 47.250000 
1.361465 	 -0.023913 	 -2.259801 	 47.250000 
1.337552 	 -0.274641 	 -25.953535 	 47.250000 
1.062911 	 0.120754 	 11.411217 	 47.250000 
1.183665 	 0.102175 	 9.655536 	 47.250000 
1.285840 	 0.053070 	 5.015119 	 47.250000 
1.338910 	 0.019001 	 1.795576 	 47.250000 
1.357911 	 0.001928 	 0.182173 	 47.250000 
1.359838 	 -0.011278 	 -1.065758 	 47.250000 
1.348561 	 -0.028309 	 -2.675227 	 47.250000 
1.320251 	 -0.053094 	 -5.017363 	 47.250000 
1.267157 	 -0.079645 	 -7.526452 	 47.250000 
1.187512 	 -0.092207 	 -8.713569 	 47.250000 
1.095305 	 -0.056562 	 -5.345112 	 47.250000 
1.038743 	 0.039863 	 3.767050 	 47.250000 
1.078606 	 0.121436 	 11.475728 	 47.250000 
1.200043 	 0.111449 	 10.531911 	 47.250000 
1.311491 	 0.042643 	 4.029778 	 47.250000 
1.354135 	 -0.026210 	 -2.476853 	 47.250000 
1.327924 	 -0.073773 	 -6.971535 	 47.250000 
1.254152 	 -0.087467 	 -8.265644 	 47.250000 
1.166684 	 -0.048829 	 -4.614360 	 47.250000 
1.117855 	 0.030320 	 2.865260 	 47.250000 
1.148175 	 0.095263 	 9.002377 	 47.250000 
1.243439 	 0.100200 	 9.468873 	 47.250000 
1.343638 	 0.024894 	 2.352506 	 47.250000 
1.368533 	 -0.066793 	 -6.311896 	 47.250000 
1.301740 	 -0.031459 	 -2.972921 	 47.250000 
1.270281 	 0.042479 	 4.014305 	 47.250000 
1.312760 	 0.027266 	 2.576674 	 47.250000 
1.340026 	 0.006465 	 0.610959 	 47.250000 
1.346492 	 0.003373 	 0.318711 	 47.250000 
1.349864 	 0.008961 	 0.846854 	 47.250000 
1.358826 	 0.011309 	 1.068668 	 47.250000 
1.370134 	 -0.000808 	 -0.076319 	 47.250000 
1.369327 	 -0.010341 	 -0.977247 	 47.250000 
1.358985 	 -0.005020 	 -0.474399 	 47.250000 
1.353965 	 0.006885 	 0.650631 	 47.250000 
1.360850 	 0.021054 	 1.989584 	 47.250000 
1.381904 	 0.018262 	 1.725779 	 47.250000 
1.400166 	 -0.019324 	 -1.826144 	 47.250000 
1.380842 	 -0.070548 	 -6.666795 	 47.250000 
1.310294 	 -0.091365 	 -8.633968 	 47.250000 
1.218929 	 -0.060435 	 -5.711063 	 47.250000 
1.158495 	 -0.008553 	 -0.808218 	 47.250000 
1.149942 	 0.041199 	 3.893307 	 47.250000 
1.191141 	 0.072233 	 6.826058 	 47.250000 
1.263375 	 0.049555 	 4.682953 	 47.250000 
1.312930 	 0.009490 	 0.896826 	 47.250000 
1.322420 	 -0.011355 	 -1.073024 	 47.250000 
1.311065 	 -0.026902 	 -2.542196 	 47.250000 
1.284164 	 -0.037890 	 -3.580645 	 47.250000 
1.246273 	 -0.006847 	 -0.647041 	 47.250000 
1.239426 	 0.067010 	 6.332475 	 47.250000 
1.306436 	 0.114096 	 10.782061 	 47.250000 
1.420532 	 0.087973 	 8.313417 	 47.250000 
1.508505 	 0.012670 	 1.197279 	 47.250000 
1.521175 	 -0.073359 	 -6.932426 	 47.250000 
1.447816 	 -0.108449 	 -10.248461 	 47.250000 
1.339366 	 -0.036054 	 -3.407108 	 47.250000 
1.303312 	 0.055983 	 5.290440 	 47.250000 
1.359296 	 0.058980 	 5.573574 	 47.250000 
1.418275 	 -0.024446 	 -2.310122 	 47.250000 
1.393830 	 -0.089379 	 -8.446319 	 47.250000 
1.304451 	 -0.055309 	 -5.226737 	 47.250000 
1.249141 	 -0.026424 	 -2.497104 	 47.250000 
1.222717 	 -0.046007 	 -4.347692 	 47.250000 
1.176710 	 -0.030079 	 -2.842459 	 47.250000 
1.146631 	 0.039037 	 3.689000 	 47.250000 
1.185668 	 0.083924 	 7.930845 	 47.250000 
1.269592 	 0.053429 	 5.049004 	 47.250000 
1.323021 	 -0.013434 	 -1.269549 	 47.250000 
1.309586 	 -0.069081 	 -6.528164 	 47.250000 
1.240505 	 -0.079849 	 -7.545727 	 47.250000 
1.160656 	 -0.044565 	 -4.211360 	 47.250000 
1.116091 	 0.030537 	 2.885737 	 47.250000 
1.146628 	 0.102358 	 9.672861 	 47.250000 
1.248987 	 0.105023 	 9.924709 	 47.250000 
1.354010 	 0.044239 	 4.180576 	 47.250000 
1.398249 	 -0.026593 	 -2.513014 	 47.250000 
1.371656 	 -0.061534 	 -5.814944 	 47.250000 
1.310122 	 -0.060726 	 -5.738654 	 47.250000 
1.249396 	 -0.035313 	 -3.337097 	 47.250000 
1.214083 	 -0.001200 	 -0.113420 	 47.250000 
1.212882 	 0.018694 	 1.766560 	 47.250000 
1.231576 	 0.035171 	 3.323651 	 47.250000 
1.266747 	 0.068757 	 6.497574 	 47.250000 
1.335505 	 0.084702 	 8.004352 	 47.250000 
1.420207 	 0.054131 	 5.115364 	 47.250000 
1.474338 	 0.008463 	 0.799765 	 47.250000 
1.482801 	 -0.032569 	 -3.077791 	 47.250000 
1.450231 	 -0.058287 	 -5.508128 	 47.250000 
1.391944 	 -0.041339 	 -3.906576 	 47.250000 
1.350605 	 0.000969 	 0.091545 	 47.250000 
1.351574 	 0.023679 	 2.237669 	 47.250000 
1.375253 	 0.018074 	 1.708009 	 47.250000 
1.393327 	 -0.014103 	 -1.332734 	 47.250000 
1.379224 	 -0.054217 	 -5.123494 	 47.250000 
1.325007 	 -0.046265 	 -4.372056 	 47.250000 
1.278742 	 -0.000273 	 -0.025752 	 47.250000 
1.278469 	 0.012678 	 1.198027 	 47.250000 
1.291147 	 0.005675 	 0.536254 	 47.250000 
1.296822 	 -0.000933 	 -0.088173 	 47.250000 
1.295888 	 -0.013472 	 -1.273102 	 47.250000 
1.282416 	 0.001829 	 0.172885 	 47.250000 
1.284246 	 0.058413 	 5.519999 	 47.250000 
1.342659 	 0.073933 	 6.986679 	 47.250000 
1.416592 	 0.017187 	 1.624216 	 47.250000 
1.433779 	 -0.045067 	 -4.258854 	 47.250000 
1.388712 	 -0.075778 	 -7.161047 	 47.250000 
1.312934 	 -0.074026 	 -6.995494 	 47.250000 
1.238907 	 -0.044411 	 -4.196808 	 47.250000 
1.194497 	 0.004375 	 0.413442 	 47.250000 
1.198872 	 0.054255 	 5.127088 	 47.250000 
1.253127 	 0.065285 	 6.169442 	 47.250000 
1.318412 	 0.020432 	 1.930829 	 47.250000 
1.338844 	 -0.045343 	 -4.284947 	 47.250000 
1.293500 	 -0.079168 	 -7.481398 	 47.250000 
1.214332 	 -0.048281 	 -4.562589 	 47.250000 
1.166051 	 0.024138 	 2.281041 	 47.250000 
1.190189 	 0.066008 	 6.237797 	 47.250000 
1.256197 	 0.045291 	 4.279998 	 47.250000 
1.301488 	 -0.007806 	 -0.737630 	 47.250000 
1.293683 	 -0.043860 	 -4.144806 	 47.250000 
1.249822 	 -0.031523 	 -2.978967 	 47.250000 
1.218299 	 0.018587 	 1.756493 	 47.250000 
1.236886 	 0.052038 	 4.917603 	 47.250000 
1.288924 	 0.026478 	 2.502157 	 47.250000 
1.315402 	 -0.018194 	 -1.719347 	 47.250000 
1.297208 	 -0.012231 	 -1.155874 	 47.250000 
1.284976 	 0.038278 	 3.617294 	 47.250000 
1.323255 	 0.056118 	 5.303120 	 47.250000 
1.379372 	 0.017242 	 1.629380 	 47.250000 
1.396614 	 -0.024814 	 -2.344906 	 47.250000 
1.371801 	 -0.032075 	 -3.031061 	 47.250000 
1.339726 	 -0.021575 	 -2.038874 	 47.250000 
1.318150 	 -0.015491 	 -1.463885 	 47.250000 
1.302660 	 -0.016418 	 -1.551548 	 47.250000 
1.286241 	 -0.019367 	 -1.830190 	 47.250000 
1.266874 	 -0.008204 	 -0.775311 	 47.250000 
1.258670 	 0.026227 	 2.478425 	 47.250000 
1.284896 	 0.057791 	 5.461278 	 47.250000 
1.342688 	 0.035702 	 3.373838 	 47.250000 
1.378390 	 -0.027388 	 -2.588192 	 47.250000 
1.351001 	 -0.081493 	 -7.701085 	 47.250000 
1.269508 	 -0.093861 	 -8.869906 	 47.250000 
1.175647 	 -0.059520 	 -5.624655 	 47.250000 
1.116127 	 -0.008193 	 -0.774262 	 47.250000 
1.107934 	 0.038223 	 3.612074 	 47.250000 
1.146157 	 0.072028 	 6.806655 	 47.250000 
1.218185 	 0.067539 	 6.382463 	 47.250000 
1.285724 	 0.030186 	 2.852587 	 47.250000 
1.315910 	 0.004504 	 0.425586 	 47.250000 
1.320414 	 0.003819 	 0.360852 	 47.250000 
1.324232 	 0.025134 	 2.375203 	 47.250000 
1.349367 	 0.047851 	 4.521885 	 47.250000 
1.397217 	 0.019021 	 1.797500 	 47.250000 
1.416238 	 -0.045751 	 -4.323443 	 47.250000 
1.370488 	 -0.075175 	 -7.104007 	 47.250000 
1.295313 	 -0.042250 	 -3.992601 	 47.250000 
1.253063 	 0.012206 	 1.153458 	 47.250000 
1.265269 	 0.038475 	 3.635930 	 47.250000 
1.303745 	 0.014490 	 1.369258 	 47.250000 
1.318234 	 -0.036006 	 -3.402561 	 47.250000 
1.282228 	 -0.052344 	 -4.946529 	 47.250000 
1.229884 	 -0.022519 	 -2.128078 	 47.250000 
1.207365 	 0.000974 	 0.092088 	 47.250000 
1.208339 	 0.006213 	 0.587155 	 47.250000 
1.214552 	 0.014481 	 1.368497 	 47.250000 
1.229034 	 0.021133 	 1.997113 	 47.250000 
1.250167 	 0.016213 	 1.532088 	 47.250000 
1.266380 	 0.030300 	 2.863349 	 47.250000 
1.296680 	 0.064705 	 6.114581 	 47.250000 
1.361384 	 0.055650 	 5.258910 	 47.250000 
1.417034 	 -0.003035 	 -0.286841 	 47.250000 
1.413999 	 -0.041908 	 -3.960271 	 47.250000 
1.372091 	 -0.037732 	 -3.565699 	 47.250000 
1.334359 	 -0.018811 	 -1.777632 	 47.250000 
1.315548 	 0.010490 	 0.991273 	 47.250000 
1.326038 	 0.035522 	 3.356848 	 47.250000 
1.361560 	 0.021282 	 2.011159 	 47.250000 
1.382842 	 -0.015453 	 -1.460266 	 47.250000 
1.367389 	 -0.026629 	 -2.516434 	 47.250000 
1.340761 	 -0.017355 	 -1.640013 	 47.250000 
1.323406 	 -0.018800 	 -1.776617 	 47.250000 
1.304606 	 -0.029298 	 -2.768654 	 47.250000 
1.275308 	 -0.036095 	 -3.410944 	 47.250000 
1.239213 	 -0.050878 	 -4.807933 	 47.250000 
1.188336 	 -0.065524 	 -6.192039 	 47.250000 
1.122811 	 -0.037161 	 -3.511679 	 47.250000 
1.085651 	 0.034230 	 3.234763 	 47.250000 
1.119881 	 0.090221 	 8.525843 	 47.250000 
1.210102 	 0.097583 	 9.221627 	 47.250000 
1.307685 	 0.068397 	 6.463514 	 47.250000 
1.376082 	 0.008721 	 0.824163 	 47.250000 
1.384803 	 -0.068967 	 -6.517413 	 47.250000 
1.315836 	 -0.116456 	 -11.005126 	 47.250000 
1.199380 	 -0.094388 	 -8.919660 	 47.250000 
1.104992 	 -0.018453 	 -1.743835 	 47.250000 
1.086538 	 0.043736 	 4.133084 	 47.250000 
1.130275 	 0.057067 	 5.392861 	 47.250000 
