# Temperature 
 
1.330118 
1.944242 
3.341108 
4.709756 
5.753532 
6.444747 
6.914661 
7.286983 
7.597996 
7.848928 
7.994994 
7.778387 
6.369685 
4.449218 
4.889418 
5.613448 
5.727399 
5.839318 
5.929571 
5.275707 
4.787620 
5.407439 
6.340471 
7.040087 
7.205631 
6.968518 
6.681271 
6.009401 
5.552768 
5.810168 
6.318262 
6.356445 
6.232078 
6.441447 
6.713610 
6.787326 
6.229284 
6.208485 
6.490989 
7.024177 
6.827407 
6.203240 
6.272223 
6.404175 
6.575855 
6.302188 
6.085262 
6.182068 
6.235498 
6.251971 
6.206266 
6.213354 
6.231263 
5.732440 
5.655946 
5.663010 
5.726554 
5.749857 
5.612481 
5.677878 
5.992703 
6.198626 
6.300645 
6.650000 
6.981617 
6.874780 
6.850100 
6.566544 
6.433785 
6.077955 
5.668580 
6.015725 
6.065593 
5.957766 
6.437509 
6.739021 
5.988352 
5.043870 
5.157048 
5.428357 
5.877152 
6.232268 
6.265236 
5.722554 
5.835302 
6.326798 
6.385826 
6.258373 
6.052995 
6.002869 
5.987048 
6.089714 
6.594407 
6.716219 
6.531091 
6.382438 
5.941862 
5.973288 
6.044502 
5.791210 
6.151736 
6.720146 
6.850657 
6.999152 
6.892924 
6.639459 
6.481788 
6.426280 
6.070511 
6.176099 
6.736104 
6.994704 
6.816693 
6.503560 
6.420781 
6.444165 
6.387780 
6.128496 
6.354600 
6.553249 
6.603630 
6.573558 
6.444595 
6.457974 
6.629871 
6.735324 
6.528457 
6.229302 
6.105351 
6.467856 
6.139249 
6.148843 
6.878952 
6.767636 
6.668804 
6.673681 
6.626590 
6.579589 
6.036237 
6.136508 
6.516477 
6.347332 
6.365295 
6.328497 
6.580351 
6.870608 
7.045798 
6.890100 
6.717747 
6.723316 
6.440776 
6.419142 
6.504096 
6.539797 
6.429220 
6.698850 
7.144692 
6.508628 
6.046997 
5.711622 
5.675690 
6.218777 
6.583034 
6.100575 
6.815231 
7.201313 
7.047688 
6.759001 
6.430197 
6.390669 
6.838614 
6.775091 
6.744435 
6.890474 
6.904871 
6.651202 
6.237343 
6.324075 
6.311704 
6.506282 
7.016023 
7.038468 
6.891905 
6.667127 
6.332068 
6.208014 
6.824641 
7.468672 
7.610369 
7.410658 
6.992916 
6.822182 
6.301881 
6.334424 
6.869734 
7.019126 
7.142423 
7.204097 
6.851924 
6.647153 
6.930852 
1.667632 
2.345597 
2.601245 
2.647470 
2.734545 
2.879223 
2.946764 
2.929459 
2.925211 
2.932044 
3.072904 
3.160385 
2.956050 
2.720233 
2.606207 
2.493274 
2.316534 
2.273889 
2.443623 
2.628307 
2.670742 
2.525219 
2.474273 
2.673934 
2.904254 
2.954589 
2.908563 
2.809479 
2.582682 
2.367868 
2.300502 
2.376717 
2.588845 
2.820518 
2.990507 
3.005744 
2.945321 
2.918317 
2.783038 
2.549650 
2.540747 
2.824980 
2.991570 
2.839283 
2.694240 
2.746194 
2.886724 
2.945078 
2.999898 
3.056661 
2.914519 
2.676114 
2.587695 
2.583541 
2.758593 
2.813762 
2.762651 
2.708711 
2.659137 
2.698317 
2.842454 
2.973565 
3.019391 
2.932687 
2.780677 
2.764304 
2.797496 
2.849786 
2.913769 
3.006733 
2.988464 
2.834980 
2.765777 
2.828011 
2.901615 
2.920926 
2.894642 
2.849017 
2.931827 
3.129512 
3.063703 
2.829112 
2.688147 
2.756241 
2.896166 
3.059705 
3.045346 
2.752055 
2.588106 
2.689597 
2.845183 
2.937889 
2.896826 
2.719409 
2.535294 
2.410192 
2.411810 
2.578177 
2.758381 
2.846524 
2.934736 
2.981586 
2.964132 
2.978587 
3.024743 
3.128449 
3.163793 
2.987005 
2.802823 
2.825329 
2.949633 
3.020492 
3.014545 
2.932123 
2.810673 
2.740699 
2.708812 
2.715244 
2.789427 
2.693614 
2.684940 
2.841120 
2.850799 
2.777493 
2.806994 
2.836867 
2.674212 
2.526567 
2.722480 
2.888598 
2.901939 
2.854503 
2.793737 
2.637126 
2.445747 
2.304971 
2.332868 
2.567199 
2.788899 
2.772264 
2.653580 
2.671818 
2.816765 
2.911271 
2.902094 
2.974533 
3.041272 
2.936032 
2.815454 
2.856322 
2.938586 
2.933802 
3.003771 
3.071046 
3.069254 
2.942720 
2.804378 
2.857131 
2.916703 
2.880056 
2.863691 
2.869146 
2.732452 
2.735935 
2.880375 
2.775310 
2.680322 
2.756161 
2.728028 
2.677309 
2.775034 
2.817930 
2.888677 
3.020355 
3.015524 
2.856508 
2.608599 
2.516286 
2.648754 
2.777132 
2.846489 
2.979165 
3.128663 
3.193532 
3.111355 
2.900790 
2.784764 
2.811447 
2.935736 
3.099928 
3.168231 
3.045188 
2.842154 
2.682833 
2.621053 
2.673092 
2.750588 
2.738362 
2.677099 
2.624751 
1.121776 
1.417334 
1.690432 
1.848400 
1.902602 
1.897701 
1.889315 
1.869929 
1.810973 
1.750858 
1.744573 
1.807182 
1.877979 
1.903150 
1.900392 
1.920303 
1.966135 
1.933692 
1.812388 
1.770726 
1.849396 
1.912360 
1.932969 
1.934530 
1.924518 
1.900800 
1.848483 
1.802838 
1.805767 
1.829528 
1.837886 
1.833456 
1.830709 
1.832436 
1.885037 
1.984573 
2.046640 
2.027949 
2.006772 
2.041000 
2.079733 
2.079324 
2.033995 
1.974645 
1.944651 
1.944325 
1.981738 
2.058552 
2.107645 
2.064139 
1.959112 
1.901458 
1.904575 
1.896661 
1.885541 
1.906512 
1.947701 
1.999862 
2.059041 
2.106217 
2.143126 
2.187220 
2.195537 
2.101564 
1.957618 
1.868674 
1.831728 
1.806088 
1.787057 
1.780402 
1.798081 
1.809942 
1.796682 
1.807637 
1.894149 
1.987049 
1.969145 
1.868806 
1.847636 
1.909847 
1.980365 
2.057559 
2.161634 
2.234738 
2.173016 
1.997312 
1.868054 
1.853951 
1.926367 
2.030632 
2.051843 
1.966721 
1.877484 
1.823333 
1.770992 
1.789275 
1.870682 
1.914157 
1.915605 
1.895260 
1.857701 
1.847424 
1.858008 
1.846509 
1.817601 
1.764015 
1.696317 
1.675710 
1.728006 
1.797419 
1.840846 
1.870361 
1.888544 
1.891696 
1.894901 
1.896644 
1.887406 
1.857828 
1.820248 
1.794975 
1.760348 
1.708868 
1.719250 
1.836979 
1.944373 
1.948965 
1.921488 
1.971568 
2.041647 
2.033792 
1.987050 
1.967559 
1.930066 
1.880641 
1.885209 
1.849511 
1.840422 
1.896405 
1.943384 
1.956200 
1.945545 
1.935198 
1.909242 
1.858800 
1.837675 
1.861491 
1.915302 
1.965371 
1.963389 
1.946220 
1.977183 
2.012911 
2.023603 
2.026192 
2.013867 
1.996510 
2.020144 
2.042351 
1.992565 
1.873317 
1.757596 
1.691350 
1.622524 
1.596715 
1.629125 
1.669319 
1.720919 
1.796944 
1.831613 
1.818838 
1.824443 
1.827093 
1.807831 
1.854729 
1.947362 
2.003643 
1.996662 
1.916950 
1.801993 
1.724484 
1.716317 
1.772232 
1.828650 
1.850252 
1.877542 
1.901963 
1.900054 
1.920237 
1.968609 
1.962616 
1.884054 
1.808273 
1.802234 
1.861072 
1.861015 
1.753685 
1.618375 
1.575321 
1.688080 
1.816564 
1.070904 
1.151421 
1.232786 
1.325334 
1.439283 
1.531916 
1.547579 
1.508999 
1.461083 
1.438029 
1.453997 
1.444277 
1.377356 
1.299924 
1.256761 
1.255535 
1.284736 
1.301024 
1.274125 
1.244986 
1.253066 
1.288732 
1.340377 
1.395119 
1.417869 
1.391601 
1.344561 
1.317401 
1.326660 
1.378959 
1.457562 
1.514062 
1.509662 
1.442127 
1.348148 
1.292367 
1.306199 
1.357863 
1.411288 
1.422349 
1.370134 
1.321024 
1.357231 
1.448236 
1.509136 
1.517366 
1.505074 
1.498152 
1.493717 
1.486219 
1.493708 
1.508674 
1.493549 
1.433081 
1.349005 
1.292951 
1.316914 
1.393450 
1.444546 
1.443972 
1.430633 
1.417573 
1.389171 
1.353864 
1.295478 
1.236482 
1.241739 
1.282209 
1.346430 
1.446827 
1.535765 
1.585042 
1.593856 
1.569590 
1.512791 
1.405136 
1.267864 
1.215930 
1.292157 
1.399001 
1.487136 
1.568512 
1.623595 
1.629940 
1.608637 
1.578366 
1.542973 
1.509753 
1.473323 
1.437125 
1.431393 
1.473208 
1.511575 
1.477875 
1.389587 
1.315104 
1.274042 
1.259140 
1.295150 
1.372791 
1.431911 
1.442555 
1.437717 
1.472097 
1.511263 
1.493549 
1.443724 
1.423947 
1.451650 
1.482605 
1.457598 
1.372064 
1.291933 
1.293126 
1.372976 
1.438011 
1.415788 
1.308250 
1.210033 
1.252377 
1.379677 
1.457660 
1.464312 
1.448300 
1.443035 
1.454524 
1.481100 
1.511535 
1.537453 
1.547713 
1.528379 
1.489507 
1.451022 
1.425357 
1.427475 
1.473324 
1.539388 
1.570188 
1.534520 
1.451729 
1.386543 
1.393869 
1.459685 
1.502437 
1.457096 
1.362949 
1.324296 
1.366632 
1.447249 
1.548531 
1.629733 
1.640237 
1.578457 
1.469559 
1.347909 
1.259547 
1.235973 
1.269973 
1.325637 
1.370288 
1.383245 
1.335991 
1.279630 
1.326017 
1.461609 
1.580287 
1.624783 
1.604376 
1.571941 
1.568244 
1.562670 
1.509604 
1.420682 
1.371446 
1.409391 
1.480159 
1.517096 
1.498357 
1.434099 
1.367303 
1.371606 
1.458151 
1.538653 
1.532770 
1.427346 
1.293874 
1.278502 
1.385445 
1.504734 
1.587166 
1.589759 
1.523033 
1.452213 
1.404737 
1.396390 
1.431695 
1.452560 
1.420907 
1.361465 
1.337552 
1.062911 
1.183665 
1.285840 
1.338910 
1.357911 
1.359838 
1.348561 
1.320251 
1.267157 
1.187512 
1.095305 
1.038743 
1.078606 
1.200043 
1.311491 
1.354135 
1.327924 
1.254152 
1.166684 
1.117855 
1.148175 
1.243439 
1.343638 
1.368533 
1.301740 
1.270281 
1.312760 
1.340026 
1.346492 
1.349864 
1.358826 
1.370134 
1.369327 
1.358985 
1.353965 
1.360850 
1.381904 
1.400166 
1.380842 
1.310294 
1.218929 
1.158495 
1.149942 
1.191141 
1.263375 
1.312930 
1.322420 
1.311065 
1.284164 
1.246273 
1.239426 
1.306436 
1.420532 
1.508505 
1.521175 
1.447816 
1.339366 
1.303312 
1.359296 
1.418275 
1.393830 
1.304451 
1.249141 
1.222717 
1.176710 
1.146631 
1.185668 
1.269592 
1.323021 
1.309586 
1.240505 
1.160656 
1.116091 
1.146628 
1.248987 
1.354010 
1.398249 
1.371656 
1.310122 
1.249396 
1.214083 
1.212882 
1.231576 
1.266747 
1.335505 
1.420207 
1.474338 
1.482801 
1.450231 
1.391944 
1.350605 
1.351574 
1.375253 
1.393327 
1.379224 
1.325007 
1.278742 
1.278469 
1.291147 
1.296822 
1.295888 
1.282416 
1.284246 
1.342659 
1.416592 
1.433779 
1.388712 
1.312934 
1.238907 
1.194497 
1.198872 
1.253127 
1.318412 
1.338844 
1.293500 
1.214332 
1.166051 
1.190189 
1.256197 
1.301488 
1.293683 
1.249822 
1.218299 
1.236886 
1.288924 
1.315402 
1.297208 
1.284976 
1.323255 
1.379372 
1.396614 
1.371801 
1.339726 
1.318150 
1.302660 
1.286241 
1.266874 
1.258670 
1.284896 
1.342688 
1.378390 
1.351001 
1.269508 
1.175647 
1.116127 
1.107934 
1.146157 
1.218185 
1.285724 
1.315910 
1.320414 
1.324232 
1.349367 
1.397217 
1.416238 
1.370488 
1.295313 
1.253063 
1.265269 
1.303745 
1.318234 
1.282228 
1.229884 
1.207365 
1.208339 
1.214552 
1.229034 
1.250167 
1.266380 
1.296680 
1.361384 
1.417034 
1.413999 
1.372091 
1.334359 
1.315548 
1.326038 
1.361560 
1.382842 
1.367389 
1.340761 
1.323406 
1.304606 
1.275308 
1.239213 
1.188336 
1.122811 
1.085651 
1.119881 
1.210102 
1.307685 
1.376082 
1.384803 
1.315836 
1.199380 
1.104992 
1.086538 
1.130275 
1.187342 
