# Temperature 	 Temp_diff 	 Eng_diff 	 Heat_cap 	
1.330118 	 0.000000 	 0.000000 	 -nan 	 30.660584 
1.330118 	 0.614124 	 58.034690 	 47.250000 	 60.901125 
1.944242 	 1.396866 	 132.003821 	 47.250000 	 90.383748 
3.341108 	 1.368648 	 129.337247 	 47.250000 	 118.873455 
4.709756 	 1.043777 	 98.636905 	 47.250000 	 146.270251 
5.753532 	 0.691214 	 65.319741 	 47.250000 	 172.577175 
6.444747 	 0.469914 	 44.406906 	 47.250000 	 197.870101 
6.914661 	 0.372322 	 35.184459 	 47.250000 	 222.282652 
7.286983 	 0.311013 	 29.390704 	 47.250000 	 245.995490 
7.597996 	 0.250931 	 23.713023 	 47.250000 	 269.215970 
7.848928 	 0.146066 	 13.803271 	 47.250000 	 292.147452 
7.994994 	 -0.216607 	 -20.469330 	 47.250000 	 314.959923 
7.778387 	 -1.408702 	 -133.122366 	 47.250000 	 337.772856 
6.369685 	 -1.920467 	 -181.484164 	 47.250000 	 360.651129 
4.449218 	 0.440200 	 41.598921 	 47.250000 	 383.604902 
4.889418 	 0.724030 	 68.420878 	 47.250000 	 406.616294 
5.613448 	 0.113951 	 10.768367 	 47.250000 	 429.684978 
5.727399 	 0.111919 	 10.576324 	 47.250000 	 452.838322 
5.839318 	 0.090253 	 8.528899 	 47.250000 	 476.090344 
5.929571 	 -0.653864 	 -61.790131 	 47.250000 	 499.393801 
5.275707 	 -0.488087 	 -46.124230 	 47.250000 	 522.656436 
4.787620 	 0.619819 	 58.572904 	 47.250000 	 545.791582 
5.407439 	 0.933032 	 88.171561 	 47.250000 	 568.755969 
6.340471 	 0.699616 	 66.113704 	 47.250000 	 591.569052 
7.040087 	 0.165543 	 15.643850 	 47.250000 	 614.290878 
7.205631 	 -0.237112 	 -22.407127 	 47.250000 	 636.982196 
6.968518 	 -0.287247 	 -27.144830 	 47.250000 	 659.680592 
6.681271 	 -0.671870 	 -63.491712 	 47.250000 	 682.394443 
6.009401 	 -0.456634 	 -43.151891 	 47.250000 	 705.116907 
5.552768 	 0.257400 	 24.324305 	 47.250000 	 727.848805 
5.810168 	 0.508095 	 48.014940 	 47.250000 	 750.594253 
6.318262 	 0.038183 	 3.608247 	 47.250000 	 773.347947 
6.356445 	 -0.124366 	 -11.752625 	 47.250000 	 796.093073 
6.232078 	 0.209368 	 19.785321 	 47.250000 	 818.798156 
6.441447 	 0.272163 	 25.719413 	 47.250000 	 841.443094 
6.713610 	 0.073716 	 6.966159 	 47.250000 	 864.040073 
6.787326 	 -0.558042 	 -52.734946 	 47.250000 	 886.609368 
6.229284 	 -0.020799 	 -1.965506 	 47.250000 	 909.169438 
6.208485 	 0.282504 	 26.696637 	 47.250000 	 931.741526 
6.490989 	 0.533188 	 50.386269 	 47.250000 	 954.341791 
7.024177 	 -0.196771 	 -18.594838 	 47.250000 	 976.972798 
6.827407 	 -0.624166 	 -58.983717 	 47.250000 	 999.624356 
6.203240 	 0.068983 	 6.518865 	 47.250000 	 1022.290934 
6.272223 	 0.131952 	 12.469427 	 47.250000 	 1044.978475 
6.404175 	 0.171680 	 16.223756 	 47.250000 	 1067.688107 
6.575855 	 -0.273666 	 -25.861479 	 47.250000 	 1090.401593 
6.302188 	 -0.216926 	 -20.499476 	 47.250000 	 1113.098741 
6.085262 	 0.096806 	 9.148162 	 47.250000 	 1135.778766 
6.182068 	 0.053429 	 5.049082 	 47.250000 	 1158.445149 
6.235498 	 0.016473 	 1.556727 	 47.250000 	 1181.087953 
6.251971 	 -0.045705 	 -4.319161 	 47.250000 	 1203.694482 
6.206266 	 0.007088 	 0.669820 	 47.250000 	 1226.269693 
6.213354 	 0.017909 	 1.692390 	 47.250000 	 1248.829110 
6.231263 	 -0.498823 	 -47.138766 	 47.250000 	 1271.373967 
5.732440 	 -0.076494 	 -7.228697 	 47.250000 	 1293.900156 
5.655946 	 0.007064 	 0.667552 	 47.250000 	 1316.417106 
5.663010 	 0.063545 	 6.004982 	 47.250000 	 1338.941101 
5.726554 	 0.023303 	 2.202088 	 47.250000 	 1361.482730 
5.749857 	 -0.137376 	 -12.982037 	 47.250000 	 1384.044972 
5.612481 	 0.065397 	 6.180050 	 47.250000 	 1406.627735 
5.677878 	 0.314825 	 29.750960 	 47.250000 	 1429.227883 
5.992703 	 0.205922 	 19.459675 	 47.250000 	 1451.836573 
6.198626 	 0.102020 	 9.640855 	 47.250000 	 1474.440032 
6.300645 	 0.349355 	 33.014030 	 47.250000 	 1497.028844 
6.650000 	 0.331617 	 31.337761 	 47.250000 	 1519.602411 
6.981617 	 -0.106837 	 -10.096059 	 47.250000 	 1542.160747 
6.874780 	 -0.024680 	 -2.332276 	 47.250000 	 1564.702679 
6.850100 	 -0.283556 	 -26.796039 	 47.250000 	 1587.231049 
6.566544 	 -0.132759 	 -12.545680 	 47.250000 	 1609.751930 
6.433785 	 -0.355830 	 -33.625970 	 47.250000 	 1632.263160 
6.077955 	 -0.409375 	 -38.685968 	 47.250000 	 1654.744841 
5.668580 	 0.347145 	 32.805248 	 47.250000 	 1677.176437 
6.015725 	 0.049867 	 4.712468 	 47.250000 	 1699.558431 
6.065593 	 -0.107827 	 -10.189617 	 47.250000 	 1721.911283 
5.957766 	 0.479743 	 45.335745 	 47.250000 	 1744.265720 
6.437509 	 0.301511 	 28.492829 	 47.250000 	 1766.638870 
6.739021 	 -0.750669 	 -70.938176 	 47.250000 	 1789.018635 
5.988352 	 -0.944482 	 -89.253525 	 47.250000 	 1811.394397 
5.043870 	 0.113178 	 10.695300 	 47.250000 	 1833.775594 
5.157048 	 0.271309 	 25.638690 	 47.250000 	 1856.174071 
5.428357 	 0.448795 	 42.411093 	 47.250000 	 1878.599510 
5.877152 	 0.355116 	 33.558476 	 47.250000 	 1901.058973 
6.232268 	 0.032968 	 3.115481 	 47.250000 	 1923.543617 
6.265236 	 -0.542682 	 -51.283450 	 47.250000 	 1946.027562 
5.722554 	 0.112748 	 10.654675 	 47.250000 	 1968.487679 
5.835302 	 0.491496 	 46.446366 	 47.250000 	 1990.918664 
6.326798 	 0.059028 	 5.578144 	 47.250000 	 2013.330961 
6.385826 	 -0.127453 	 -12.044287 	 47.250000 	 2035.739517 
6.258373 	 -0.205378 	 -19.408240 	 47.250000 	 2058.160752 
6.052995 	 -0.050125 	 -4.736835 	 47.250000 	 2080.607697 
6.002869 	 -0.015821 	 -1.495114 	 47.250000 	 2103.078307 
5.987048 	 0.102666 	 9.701901 	 47.250000 	 2125.569047 
6.089714 	 0.504694 	 47.693547 	 47.250000 	 2148.094436 
6.594407 	 0.121811 	 11.511168 	 47.250000 	 2170.674743 
6.716219 	 -0.185128 	 -17.494587 	 47.250000 	 2193.314463 
6.531091 	 -0.148652 	 -14.047647 	 47.250000 	 2215.997670 
6.382438 	 -0.440577 	 -41.634495 	 47.250000 	 2238.699674 
5.941862 	 0.031426 	 2.969744 	 47.250000 	 2261.403667 
5.973288 	 0.071214 	 6.729765 	 47.250000 	 2284.101997 
6.044502 	 -0.253292 	 -23.936103 	 47.250000 	 2306.791773 
5.791210 	 0.360526 	 34.069709 	 47.250000 	 2329.477831 
6.151736 	 0.568410 	 53.714742 	 47.250000 	 2352.158303 
6.720146 	 0.130511 	 12.333302 	 47.250000 	 2374.807323 
6.850657 	 0.148495 	 14.032735 	 47.250000 	 2397.391209 
6.999152 	 -0.106227 	 -10.038496 	 47.250000 	 2419.894528 
6.892924 	 -0.253465 	 -23.952414 	 47.250000 	 2442.328020 
6.639459 	 -0.157672 	 -14.899971 	 47.250000 	 2464.721442 
6.481788 	 -0.055508 	 -5.245489 	 47.250000 	 2487.110131 
6.426280 	 -0.355769 	 -33.620135 	 47.250000 	 2509.518763 
6.070511 	 0.105588 	 9.978019 	 47.250000 	 2531.954488 
6.176099 	 0.560005 	 52.920445 	 47.250000 	 2554.410194 
6.736104 	 0.258600 	 24.437725 	 47.250000 	 2576.870264 
6.994704 	 -0.178011 	 -16.822052 	 47.250000 	 2599.315515 
6.816693 	 -0.313132 	 -29.591012 	 47.250000 	 2621.730243 
6.503560 	 -0.082780 	 -7.822673 	 47.250000 	 2644.112562 
6.420781 	 0.023384 	 2.209787 	 47.250000 	 2666.472461 
6.444165 	 -0.056384 	 -5.328328 	 47.250000 	 2688.823583 
6.387780 	 -0.259284 	 -24.502361 	 47.250000 	 2711.178924 
6.128496 	 0.226104 	 21.366812 	 47.250000 	 2733.555553 
6.354600 	 0.198649 	 18.772334 	 47.250000 	 2755.968908 
6.553249 	 0.050381 	 4.760990 	 47.250000 	 2778.425676 
6.603630 	 -0.030071 	 -2.841747 	 47.250000 	 2800.925552 
6.573558 	 -0.128963 	 -12.187006 	 47.250000 	 2823.456129 
6.444595 	 0.013378 	 1.264246 	 47.250000 	 2845.994877 
6.457974 	 0.171897 	 16.244261 	 47.250000 	 2868.521397 
6.629871 	 0.105454 	 9.965398 	 47.250000 	 2891.023978 
6.735324 	 -0.206867 	 -19.548945 	 47.250000 	 2913.493700 
6.528457 	 -0.299156 	 -28.270218 	 47.250000 	 2935.927116 
6.229302 	 -0.123950 	 -11.713288 	 47.250000 	 2958.330034 
6.105351 	 0.362504 	 34.256639 	 47.250000 	 2980.709823 
6.467856 	 -0.328606 	 -31.053298 	 47.250000 	 3003.077375 
6.139249 	 0.009593 	 0.906570 	 47.250000 	 3025.451641 
6.148843 	 0.730109 	 68.995320 	 47.250000 	 3047.849161 
6.878952 	 -0.111316 	 -10.519323 	 47.250000 	 3070.271957 
6.767636 	 -0.098832 	 -9.339608 	 47.250000 	 3092.720543 
6.668804 	 0.004877 	 0.460866 	 47.250000 	 3115.205403 
6.673681 	 -0.047091 	 -4.450133 	 47.250000 	 3137.727892 
6.626590 	 -0.047001 	 -4.441567 	 47.250000 	 3160.267863 
6.579589 	 -0.543352 	 -51.346802 	 47.250000 	 3182.797045 
6.036237 	 0.100272 	 9.475670 	 47.250000 	 3205.300125 
6.136508 	 0.379968 	 35.907015 	 47.250000 	 3227.771767 
6.516477 	 -0.169145 	 -15.984206 	 47.250000 	 3250.207799 
6.347332 	 0.017963 	 1.697505 	 47.250000 	 3272.615668 
6.365295 	 -0.036798 	 -3.477434 	 47.250000 	 3295.006957 
6.328497 	 0.251854 	 23.800223 	 47.250000 	 3317.386983 
6.580351 	 0.290257 	 27.429285 	 47.250000 	 3339.764970 
6.870608 	 0.175190 	 16.555485 	 47.250000 	 3362.158729 
7.045798 	 -0.155698 	 -14.713486 	 47.250000 	 3384.586744 
6.890100 	 -0.172353 	 -16.287340 	 47.250000 	 3407.056558 
6.717747 	 0.005569 	 0.526279 	 47.250000 	 3429.557398 
6.723316 	 -0.282540 	 -26.700065 	 47.250000 	 3452.059854 
6.440776 	 -0.021634 	 -2.044382 	 47.250000 	 3474.533137 
6.419142 	 0.084954 	 8.028179 	 47.250000 	 3496.962928 
6.504096 	 0.035701 	 3.373698 	 47.250000 	 3519.358625 
6.539797 	 -0.110577 	 -10.449549 	 47.250000 	 3541.748366 
6.429220 	 0.269631 	 25.480110 	 47.250000 	 3564.166879 
6.698850 	 0.445842 	 42.132053 	 47.250000 	 3586.637656 
7.144692 	 -0.636065 	 -60.108118 	 47.250000 	 3609.151351 
6.508628 	 -0.461630 	 -43.624064 	 47.250000 	 3631.686342 
6.046997 	 -0.335375 	 -31.692953 	 47.250000 	 3654.237176 
5.711622 	 -0.035933 	 -3.395621 	 47.250000 	 3676.797791 
5.675690 	 0.543088 	 51.321790 	 47.250000 	 3699.353529 
6.218777 	 0.364256 	 34.422221 	 47.250000 	 3721.890877 
6.583034 	 -0.482459 	 -45.592357 	 47.250000 	 3744.399324 
6.100575 	 0.714656 	 67.535001 	 47.250000 	 3766.882234 
6.815231 	 0.386083 	 36.484807 	 47.250000 	 3789.346464 
7.201313 	 -0.153626 	 -14.517639 	 47.250000 	 3811.792556 
7.047688 	 -0.288686 	 -27.280862 	 47.250000 	 3834.229724 
6.759001 	 -0.328804 	 -31.071963 	 47.250000 	 3856.671997 
6.430197 	 -0.039529 	 -3.735461 	 47.250000 	 3879.127577 
6.390669 	 0.447945 	 42.330778 	 47.250000 	 3901.606648 
6.838614 	 -0.063523 	 -6.002883 	 47.250000 	 3924.110890 
6.775091 	 -0.030656 	 -2.897009 	 47.250000 	 3946.625578 
6.744435 	 0.146039 	 13.800680 	 47.250000 	 3969.136616 
6.890474 	 0.014397 	 1.360504 	 47.250000 	 3991.635566 
6.904871 	 -0.253669 	 -23.971681 	 47.250000 	 4014.123999 
6.651202 	 -0.413859 	 -39.109665 	 47.250000 	 4036.608269 
6.237343 	 0.086732 	 8.196143 	 47.250000 	 4059.087810 
6.324075 	 -0.012370 	 -1.169011 	 47.250000 	 4081.556090 
6.311704 	 0.194577 	 18.387568 	 47.250000 	 4104.001306 
6.506282 	 0.509742 	 48.170580 	 47.250000 	 4126.414414 
7.016023 	 0.022445 	 2.121045 	 47.250000 	 4148.797482 
7.038468 	 -0.146563 	 -13.850187 	 47.250000 	 4171.162080 
6.891905 	 -0.224779 	 -21.241600 	 47.250000 	 4193.521620 
6.667127 	 -0.335058 	 -31.663023 	 47.250000 	 4215.882435 
6.332068 	 -0.124055 	 -11.723153 	 47.250000 	 4238.246755 
6.208014 	 0.616627 	 58.271281 	 47.250000 	 4260.620352 
6.824641 	 0.644031 	 60.860930 	 47.250000 	 4283.014014 
7.468672 	 0.141697 	 13.390380 	 47.250000 	 4305.439297 
7.610369 	 -0.199711 	 -18.872683 	 47.250000 	 4327.901883 
7.410658 	 -0.417742 	 -39.476656 	 47.250000 	 4350.395391 
6.992916 	 -0.170734 	 -16.134354 	 47.250000 	 4372.906998 
6.822182 	 -0.520301 	 -49.168432 	 47.250000 	 4395.429213 
6.301881 	 0.032543 	 3.075323 	 47.250000 	 4417.966666 
6.334424 	 0.535310 	 50.586823 	 47.250000 	 4440.529652 
6.869734 	 0.149392 	 14.117501 	 47.250000 	 4463.123446 
7.019126 	 0.123297 	 11.651548 	 47.250000 	 4485.754364 
7.142423 	 0.061674 	 5.828212 	 47.250000 	 4508.430161 
7.204097 	 -0.352173 	 -33.280315 	 47.250000 	 4531.144063 
6.851924 	 -0.204771 	 -19.350891 	 47.250000 	 4553.875382 
6.647153 	 0.283699 	 26.809594 	 47.250000 	 4576.603685 
6.930852 	 -5.263221 	 -497.374346 	 47.250000 	 4599.324442 
1.667632 	 0.677965 	 64.067676 	 47.250000 	 4622.038216 
2.345597 	 0.255649 	 24.158808 	 47.250000 	 4644.734619 
2.601245 	 0.046225 	 4.368261 	 47.250000 	 4667.403751 
2.647470 	 0.087075 	 8.228542 	 47.250000 	 4690.042654 
2.734545 	 0.144678 	 13.672089 	 47.250000 	 4712.654413 
2.879223 	 0.067541 	 6.382612 	 47.250000 	 4735.245060 
2.946764 	 -0.017305 	 -1.635325 	 47.250000 	 4757.822699 
2.929459 	 -0.004248 	 -0.401468 	 47.250000 	 4780.397937 
2.925211 	 0.006833 	 0.645743 	 47.250000 	 4802.980398 
2.932044 	 0.140861 	 13.311334 	 47.250000 	 4825.573348 
3.072904 	 0.087480 	 8.266877 	 47.250000 	 4848.171515 
3.160385 	 -0.204335 	 -19.309611 	 47.250000 	 4870.763580 
2.956050 	 -0.235817 	 -22.284738 	 47.250000 	 4893.339153 
2.720233 	 -0.114025 	 -10.775400 	 47.250000 	 4915.894347 
2.606207 	 -0.112934 	 -10.672255 	 47.250000 	 4938.432017 
2.493274 	 -0.176739 	 -16.701849 	 47.250000 	 4960.958622 
2.316534 	 -0.042645 	 -4.029978 	 47.250000 	 4983.481126 
2.273889 	 0.169733 	 16.039810 	 47.250000 	 5006.006397 
2.443623 	 0.184684 	 17.452657 	 47.250000 	 5028.541068 
2.628307 	 0.042436 	 4.010170 	 47.250000 	 5051.090116 
2.670742 	 -0.145523 	 -13.751934 	 47.250000 	 5073.656129 
2.525219 	 -0.050947 	 -4.814470 	 47.250000 	 5096.242006 
2.474273 	 0.199661 	 18.868003 	 47.250000 	 5118.852301 
2.673934 	 0.230321 	 21.765294 	 47.250000 	 5141.488531 
2.904254 	 0.050335 	 4.756634 	 47.250000 	 5164.144972 
2.954589 	 -0.046026 	 -4.349481 	 47.250000 	 5186.810714 
2.908563 	 -0.099084 	 -9.363410 	 47.250000 	 5209.474961 
2.809479 	 -0.226797 	 -21.432363 	 47.250000 	 5232.130196 
2.582682 	 -0.214814 	 -20.299898 	 47.250000 	 5254.773504 
2.367868 	 -0.067366 	 -6.366058 	 47.250000 	 5277.406357 
2.300502 	 0.076215 	 7.202305 	 47.250000 	 5300.031580 
2.376717 	 0.212128 	 20.046057 	 47.250000 	 5322.651077 
2.588845 	 0.231674 	 21.893156 	 47.250000 	 5345.265688 
2.820518 	 0.169989 	 16.063933 	 47.250000 	 5367.875821 
2.990507 	 0.015237 	 1.439920 	 47.250000 	 5390.480953 
3.005744 	 -0.060423 	 -5.710005 	 47.250000 	 5413.078365 
2.945321 	 -0.027004 	 -2.551899 	 47.250000 	 5435.663442 
2.918317 	 -0.135279 	 -12.783878 	 47.250000 	 5458.231210 
2.783038 	 -0.233388 	 -22.055166 	 47.250000 	 5480.780474 
2.549650 	 -0.008902 	 -0.841268 	 47.250000 	 5503.318998 
2.540747 	 0.284232 	 26.859966 	 47.250000 	 5525.861470 
2.824980 	 0.166590 	 15.742760 	 47.250000 	 5548.419005 
2.991570 	 -0.152286 	 -14.391067 	 47.250000 	 5570.991940 
2.839283 	 -0.145044 	 -13.706635 	 47.250000 	 5593.573300 
2.694240 	 0.051954 	 4.909671 	 47.250000 	 5616.155318 
2.746194 	 0.140531 	 13.280134 	 47.250000 	 5638.732478 
2.886724 	 0.058354 	 5.514451 	 47.250000 	 5661.302388 
2.945078 	 0.054820 	 5.180462 	 47.250000 	 5683.868546 
2.999898 	 0.056762 	 5.364049 	 47.250000 	 5706.441656 
3.056661 	 -0.142141 	 -13.432340 	 47.250000 	 5729.033009 
2.914519 	 -0.238406 	 -22.529346 	 47.250000 	 5751.647855 
2.676114 	 -0.088419 	 -8.355570 	 47.250000 	 5774.284717 
2.587695 	 -0.004154 	 -0.392531 	 47.250000 	 5796.938846 
2.583541 	 0.175052 	 16.542432 	 47.250000 	 5819.608471 
2.758593 	 0.055169 	 5.213443 	 47.250000 	 5842.292347 
2.813762 	 -0.051111 	 -4.829959 	 47.250000 	 5864.984026 
2.762651 	 -0.053940 	 -5.097312 	 47.250000 	 5887.672803 
2.708711 	 -0.049575 	 -4.684798 	 47.250000 	 5910.347488 
2.659137 	 0.039180 	 3.702484 	 47.250000 	 5933.003637 
2.698317 	 0.144138 	 13.621008 	 47.250000 	 5955.646099 
2.842454 	 0.131111 	 12.389965 	 47.250000 	 5978.282837 
2.973565 	 0.045826 	 4.330558 	 47.250000 	 6000.918891 
3.019391 	 -0.086704 	 -8.193505 	 47.250000 	 6023.554600 
2.932687 	 -0.152011 	 -14.365018 	 47.250000 	 6046.186200 
2.780677 	 -0.016373 	 -1.547248 	 47.250000 	 6068.809075 
2.764304 	 0.033192 	 3.136685 	 47.250000 	 6091.420499 
2.797496 	 0.052290 	 4.941399 	 47.250000 	 6114.018726 
2.849786 	 0.063983 	 6.046405 	 47.250000 	 6136.600674 
2.913769 	 0.092964 	 8.785106 	 47.250000 	 6159.162047 
3.006733 	 -0.018269 	 -1.726460 	 47.250000 	 6181.699266 
2.988464 	 -0.153484 	 -14.504235 	 47.250000 	 6204.212133 
2.834980 	 -0.069202 	 -6.539615 	 47.250000 	 6226.707322 
2.765777 	 0.062234 	 5.881071 	 47.250000 	 6249.197282 
2.828011 	 0.073604 	 6.955585 	 47.250000 	 6271.694870 
2.901615 	 0.019311 	 1.824869 	 47.250000 	 6294.210218 
2.920926 	 -0.026284 	 -2.483807 	 47.250000 	 6316.749791 
2.894642 	 -0.045625 	 -4.311595 	 47.250000 	 6339.314783 
2.849017 	 0.082810 	 7.825555 	 47.250000 	 6361.900404 
2.931827 	 0.197685 	 18.681253 	 47.250000 	 6384.496443 
3.129512 	 -0.065809 	 -6.218946 	 47.250000 	 6407.087655 
3.063703 	 -0.234591 	 -22.168850 	 47.250000 	 6429.661259 
2.829112 	 -0.140965 	 -13.321207 	 47.250000 	 6452.218350 
2.688147 	 0.068094 	 6.434860 	 47.250000 	 6474.775578 
2.756241 	 0.139926 	 13.222975 	 47.250000 	 6497.353378 
2.896166 	 0.163538 	 15.454370 	 47.250000 	 6519.963179 
3.059705 	 -0.014359 	 -1.356934 	 47.250000 	 6542.602835 
3.045346 	 -0.293291 	 -27.716002 	 47.250000 	 6565.258245 
2.752055 	 -0.163949 	 -15.493159 	 47.250000 	 6587.912168 
2.588106 	 0.101491 	 9.590913 	 47.250000 	 6610.553250 
2.689597 	 0.155586 	 14.702872 	 47.250000 	 6633.178015 
2.845183 	 0.092706 	 8.760717 	 47.250000 	 6655.787857 
2.937889 	 -0.041063 	 -3.880440 	 47.250000 	 6678.385575 
2.896826 	 -0.177417 	 -16.765927 	 47.250000 	 6700.973518 
2.719409 	 -0.184115 	 -17.398869 	 47.250000 	 6723.554427 
2.535294 	 -0.125102 	 -11.822125 	 47.250000 	 6746.132758 
2.410192 	 0.001618 	 0.152921 	 47.250000 	 6768.713400 
2.411810 	 0.166366 	 15.721629 	 47.250000 	 6791.299077 
2.578177 	 0.180204 	 17.029319 	 47.250000 	 6813.888221 
2.758381 	 0.088143 	 8.329493 	 47.250000 	 6836.475907 
2.846524 	 0.088212 	 8.336005 	 47.250000 	 6859.058275 
2.934736 	 0.046850 	 4.427336 	 47.250000 	 6881.635105 
2.981586 	 -0.017454 	 -1.649400 	 47.250000 	 6904.210092 
2.964132 	 0.014455 	 1.366009 	 47.250000 	 6926.789810 
2.978587 	 0.046156 	 4.361721 	 47.250000 	 6949.379288 
3.024743 	 0.103707 	 9.800276 	 47.250000 	 6971.978226 
3.128449 	 0.035344 	 3.339969 	 47.250000 	 6994.580602 
3.163793 	 -0.176788 	 -16.706448 	 47.250000 	 7017.177047 
2.987005 	 -0.184182 	 -17.405239 	 47.250000 	 7039.761250 
2.802823 	 0.022507 	 2.126872 	 47.250000 	 7062.335145 
2.825329 	 0.124304 	 11.746727 	 47.250000 	 7084.906335 
2.949633 	 0.070859 	 6.696167 	 47.250000 	 7107.482137 
3.020492 	 -0.005947 	 -0.561986 	 47.250000 	 7130.067061 
3.014545 	 -0.082422 	 -7.788924 	 47.250000 	 7152.663172 
2.932123 	 -0.121449 	 -11.476960 	 47.250000 	 7175.271363 
2.810673 	 -0.069974 	 -6.612573 	 47.250000 	 7197.892928 
2.740699 	 -0.031887 	 -3.013362 	 47.250000 	 7220.528690 
2.708812 	 0.006432 	 0.607828 	 47.250000 	 7243.176767 
2.715244 	 0.074184 	 7.010351 	 47.250000 	 7265.832623 
2.789427 	 -0.095813 	 -9.054362 	 47.250000 	 7288.489611 
2.693614 	 -0.008674 	 -0.819694 	 47.250000 	 7311.142568 
2.684940 	 0.156180 	 14.759009 	 47.250000 	 7333.788969 
2.841120 	 0.009679 	 0.914697 	 47.250000 	 7356.423421 
2.850799 	 -0.073306 	 -6.927404 	 47.250000 	 7379.038228 
2.777493 	 0.029500 	 2.787783 	 47.250000 	 7401.628839 
2.806994 	 0.029873 	 2.822991 	 47.250000 	 7424.193234 
2.836867 	 -0.162655 	 -15.370862 	 47.250000 	 7446.729550 
2.674212 	 -0.147645 	 -13.952439 	 47.250000 	 7469.240906 
2.526567 	 0.195913 	 18.513803 	 47.250000 	 7491.740985 
2.722480 	 0.166118 	 15.698150 	 47.250000 	 7514.245360 
2.888598 	 0.013341 	 1.260725 	 47.250000 	 7536.761274 
2.901939 	 -0.047436 	 -4.482709 	 47.250000 	 7559.289166 
2.854503 	 -0.060766 	 -5.742429 	 47.250000 	 7581.825814 
2.793737 	 -0.156611 	 -14.799775 	 47.250000 	 7604.365585 
2.637126 	 -0.191378 	 -18.085239 	 47.250000 	 7626.901193 
2.445747 	 -0.140777 	 -13.303404 	 47.250000 	 7649.425704 
2.304971 	 0.027897 	 2.636286 	 47.250000 	 7671.936536 
2.332868 	 0.234331 	 22.144271 	 47.250000 	 7694.437916 
2.567199 	 0.221700 	 20.950671 	 47.250000 	 7716.937403 
2.788899 	 -0.016634 	 -1.571956 	 47.250000 	 7739.438510 
2.772264 	 -0.118685 	 -11.215690 	 47.250000 	 7761.938735 
2.653580 	 0.018238 	 1.723477 	 47.250000 	 7784.434876 
2.671818 	 0.144947 	 13.697517 	 47.250000 	 7806.927409 
2.816765 	 0.094506 	 8.930795 	 47.250000 	 7829.419087 
2.911271 	 -0.009177 	 -0.867216 	 47.250000 	 7851.911659 
2.902094 	 0.072439 	 6.845501 	 47.250000 	 7874.406426 
2.974533 	 0.066739 	 6.306858 	 47.250000 	 7896.905496 
3.041272 	 -0.105241 	 -9.945244 	 47.250000 	 7919.411857 
2.936032 	 -0.120578 	 -11.394615 	 47.250000 	 7941.930622 
2.815454 	 0.040868 	 3.862034 	 47.250000 	 7964.468787 
2.856322 	 0.082265 	 7.774005 	 47.250000 	 7987.031105 
2.938586 	 -0.004785 	 -0.452163 	 47.250000 	 8009.616427 
2.933802 	 0.069969 	 6.612074 	 47.250000 	 8032.219875 
3.003771 	 0.067276 	 6.357557 	 47.250000 	 8054.835814 
3.071046 	 -0.001792 	 -0.169388 	 47.250000 	 8077.457666 
3.069254 	 -0.126534 	 -11.957450 	 47.250000 	 8100.077695 
2.942720 	 -0.138342 	 -13.073304 	 47.250000 	 8122.689643 
2.804378 	 0.052753 	 4.985130 	 47.250000 	 8145.292414 
2.857131 	 0.059573 	 5.629603 	 47.250000 	 8167.888139 
2.916703 	 -0.036648 	 -3.463193 	 47.250000 	 8190.480922 
2.880056 	 -0.016365 	 -1.546512 	 47.250000 	 8213.080266 
2.863691 	 0.005455 	 0.515540 	 47.250000 	 8235.699557 
2.869146 	 -0.136694 	 -12.917630 	 47.250000 	 8258.349667 
2.732452 	 0.003483 	 0.329178 	 47.250000 	 8281.035805 
2.735935 	 0.144440 	 13.649552 	 47.250000 	 8303.753806 
2.880375 	 -0.105064 	 -9.928576 	 47.250000 	 8326.487403 
2.775310 	 -0.094989 	 -8.976420 	 47.250000 	 8349.216929 
2.680322 	 0.075840 	 7.166848 	 47.250000 	 8371.930126 
2.756161 	 -0.028134 	 -2.658621 	 47.250000 	 8394.623673 
2.728028 	 -0.050719 	 -4.792968 	 47.250000 	 8417.301697 
2.677309 	 0.097726 	 9.235065 	 47.250000 	 8439.972763 
2.775034 	 0.042896 	 4.053685 	 47.250000 	 8462.644012 
2.817930 	 0.070747 	 6.685595 	 47.250000 	 8485.320882 
2.888677 	 0.131677 	 12.443520 	 47.250000 	 8508.006343 
3.020355 	 -0.004831 	 -0.456553 	 47.250000 	 8530.693560 
3.015524 	 -0.159016 	 -15.026983 	 47.250000 	 8553.366827 
2.856508 	 -0.247909 	 -23.427398 	 47.250000 	 8576.012321 
2.608599 	 -0.092313 	 -8.723535 	 47.250000 	 8598.625117 
2.516286 	 0.132467 	 12.518143 	 47.250000 	 8621.207950 
2.648754 	 0.128379 	 12.131800 	 47.250000 	 8643.766588 
2.777132 	 0.069356 	 6.554181 	 47.250000 	 8666.308658 
2.846489 	 0.132676 	 12.537904 	 47.250000 	 8688.844813 
2.979165 	 0.149498 	 14.127546 	 47.250000 	 8711.386757 
3.128663 	 0.064869 	 6.130128 	 47.250000 	 8733.942709 
3.193532 	 -0.082177 	 -7.765720 	 47.250000 	 8756.514836 
3.111355 	 -0.210565 	 -19.898381 	 47.250000 	 8779.100909 
2.900790 	 -0.116026 	 -10.964500 	 47.250000 	 8801.700827 
2.784764 	 0.026683 	 2.521550 	 47.250000 	 8824.322043 
2.811447 	 0.124289 	 11.745358 	 47.250000 	 8846.976186 
2.935736 	 0.164192 	 15.516127 	 47.250000 	 8869.670099 
3.099928 	 0.068303 	 6.454671 	 47.250000 	 8892.399816 
3.168231 	 -0.123044 	 -11.627651 	 47.250000 	 8915.152343 
3.045188 	 -0.203033 	 -19.186665 	 47.250000 	 8937.913074 
2.842154 	 -0.159321 	 -15.055823 	 47.250000 	 8960.671349 
2.682833 	 -0.061780 	 -5.838230 	 47.250000 	 8983.420870 
2.621053 	 0.052039 	 4.917701 	 47.250000 	 9006.158133 
2.673092 	 0.077496 	 7.323354 	 47.250000 	 9028.880506 
2.750588 	 -0.012226 	 -1.155345 	 47.250000 	 9051.585368 
2.738362 	 -0.061263 	 -5.789352 	 47.250000 	 9074.271469 
2.677099 	 -0.052348 	 -4.946915 	 47.250000 	 9096.940164 
2.624751 	 -1.502975 	 -142.031129 	 47.250000 	 9119.598678 
1.121776 	 0.295558 	 27.930217 	 47.250000 	 9142.255606 
1.417334 	 0.273098 	 25.807784 	 47.250000 	 9164.913235 
1.690432 	 0.157968 	 14.927940 	 47.250000 	 9187.568514 
1.848400 	 0.054202 	 5.122116 	 47.250000 	 9210.215687 
1.902602 	 -0.004901 	 -0.463153 	 47.250000 	 9232.849194 
1.897701 	 -0.008386 	 -0.792459 	 47.250000 	 9255.465556 
1.889315 	 -0.019386 	 -1.831985 	 47.250000 	 9278.063314 
1.869929 	 -0.058956 	 -5.571352 	 47.250000 	 9300.642386 
1.810973 	 -0.060115 	 -5.680821 	 47.250000 	 9323.205959 
1.750858 	 -0.006285 	 -0.593920 	 47.250000 	 9345.762536 
1.744573 	 0.062608 	 5.916492 	 47.250000 	 9368.324306 
1.807182 	 0.070797 	 6.690317 	 47.250000 	 9390.902424 
1.877979 	 0.025171 	 2.378666 	 47.250000 	 9413.502830 
1.903150 	 -0.002758 	 -0.260655 	 47.250000 	 9436.125514 
1.900392 	 0.019911 	 1.881590 	 47.250000 	 9458.766246 
1.920303 	 0.045832 	 4.331167 	 47.250000 	 9481.418149 
1.966135 	 -0.032443 	 -3.065895 	 47.250000 	 9504.072210 
1.933692 	 -0.121304 	 -11.463226 	 47.250000 	 9526.719014 
1.812388 	 -0.041662 	 -3.937055 	 47.250000 	 9549.352675 
1.770726 	 0.078671 	 7.434363 	 47.250000 	 9571.972729 
1.849396 	 0.062964 	 5.950080 	 47.250000 	 9594.582077 
1.912360 	 0.020609 	 1.947551 	 47.250000 	 9617.184587 
1.932969 	 0.001561 	 0.147522 	 47.250000 	 9639.783542 
1.934530 	 -0.010013 	 -0.946183 	 47.250000 	 9662.380610 
1.924518 	 -0.023718 	 -2.241334 	 47.250000 	 9684.976265 
1.900800 	 -0.052317 	 -4.943912 	 47.250000 	 9707.570955 
1.848483 	 -0.045646 	 -4.313522 	 47.250000 	 9730.166334 
1.802838 	 0.002930 	 0.276858 	 47.250000 	 9752.765991 
1.805767 	 0.023761 	 2.245427 	 47.250000 	 9775.374588 
1.829528 	 0.008357 	 0.789772 	 47.250000 	 9797.995695 
1.837886 	 -0.004430 	 -0.418625 	 47.250000 	 9820.630211 
1.833456 	 -0.002747 	 -0.259583 	 47.250000 	 9843.276514 
1.830709 	 0.001727 	 0.163183 	 47.250000 	 9865.931649 
1.832436 	 0.052601 	 4.970775 	 47.250000 	 9888.592884 
1.885037 	 0.099536 	 9.406174 	 47.250000 	 9911.258608 
1.984573 	 0.062067 	 5.865337 	 47.250000 	 9933.927511 
2.046640 	 -0.018691 	 -1.766283 	 47.250000 	 9956.597327 
2.027949 	 -0.021177 	 -2.001237 	 47.250000 	 9979.264776 
2.006772 	 0.034228 	 3.234591 	 47.250000 	 10001.925731 
2.041000 	 0.038733 	 3.660271 	 47.250000 	 10024.574654 
2.079733 	 -0.000410 	 -0.038724 	 47.250000 	 10047.204950 
2.079324 	 -0.045328 	 -4.283534 	 47.250000 	 10069.810757 
2.033995 	 -0.059350 	 -5.608573 	 47.250000 	 10092.389187 
1.974645 	 -0.029995 	 -2.834501 	 47.250000 	 10114.942145 
1.944651 	 -0.000325 	 -0.030738 	 47.250000 	 10137.476621 
1.944325 	 0.037413 	 3.535532 	 47.250000 	 10160.003610 
1.981738 	 0.076814 	 7.258901 	 47.250000 	 10182.535265 
2.058552 	 0.049093 	 4.639251 	 47.250000 	 10205.080142 
2.107645 	 -0.043505 	 -4.111269 	 47.250000 	 10227.640276 
2.064139 	 -0.105027 	 -9.925084 	 47.250000 	 10250.213102 
1.959112 	 -0.057654 	 -5.448278 	 47.250000 	 10272.795839 
1.901458 	 0.003116 	 0.294509 	 47.250000 	 10295.387516 
1.904575 	 -0.007914 	 -0.747859 	 47.250000 	 10317.987954 
1.896661 	 -0.011120 	 -1.050816 	 47.250000 	 10340.597140 
1.885541 	 0.020971 	 1.981769 	 47.250000 	 10363.215346 
1.906512 	 0.041189 	 3.892387 	 47.250000 	 10385.842316 
1.947701 	 0.052160 	 4.929152 	 47.250000 	 10408.476557 
1.999862 	 0.059179 	 5.592423 	 47.250000 	 10431.116046 
2.059041 	 0.047177 	 4.458192 	 47.250000 	 10453.759901 
2.106217 	 0.036908 	 3.487818 	 47.250000 	 10476.409773 
2.143126 	 0.044094 	 4.166900 	 47.250000 	 10499.069170 
2.187220 	 0.008317 	 0.785947 	 47.250000 	 10521.740019 
2.195537 	 -0.093972 	 -8.880387 	 47.250000 	 10544.419651 
2.101564 	 -0.143947 	 -13.602965 	 47.250000 	 10567.102095 
1.957618 	 -0.088943 	 -8.405159 	 47.250000 	 10589.782138 
1.868674 	 -0.036946 	 -3.491407 	 47.250000 	 10612.457372 
1.831728 	 -0.025640 	 -2.422950 	 47.250000 	 10635.127715 
1.806088 	 -0.019031 	 -1.798476 	 47.250000 	 10657.794542 
1.787057 	 -0.006655 	 -0.628887 	 47.250000 	 10680.459446 
1.780402 	 0.017679 	 1.670623 	 47.250000 	 10703.123164 
1.798081 	 0.011861 	 1.120911 	 47.250000 	 10725.785121 
1.809942 	 -0.013260 	 -1.253041 	 47.250000 	 10748.443432 
1.796682 	 0.010955 	 1.035222 	 47.250000 	 10771.096004 
1.807637 	 0.086512 	 8.175360 	 47.250000 	 10793.742243 
1.894149 	 0.092901 	 8.779097 	 47.250000 	 10816.383925 
1.987049 	 -0.017904 	 -1.691922 	 47.250000 	 10839.025000 
1.969145 	 -0.100339 	 -9.482058 	 47.250000 	 10861.672011 
1.868806 	 -0.021170 	 -2.000529 	 47.250000 	 10884.334853 
1.847636 	 0.062210 	 5.878867 	 47.250000 	 10907.024082 
1.909847 	 0.070518 	 6.663935 	 47.250000 	 10929.746681 
1.980365 	 0.077195 	 7.294906 	 47.250000 	 10952.505398 
2.057559 	 0.104074 	 9.835026 	 47.250000 	 10975.299536 
2.161634 	 0.073104 	 6.908337 	 47.250000 	 10998.124137 
2.234738 	 -0.061722 	 -5.832751 	 47.250000 	 11020.969033 
2.173016 	 -0.175703 	 -16.603938 	 47.250000 	 11043.821032 
1.997312 	 -0.129258 	 -12.214900 	 47.250000 	 11066.669212 
1.868054 	 -0.014103 	 -1.332740 	 47.250000 	 11089.508504 
1.853951 	 0.072416 	 6.843315 	 47.250000 	 11112.338837 
1.926367 	 0.104264 	 9.852993 	 47.250000 	 11135.161275 
2.030632 	 0.021211 	 2.004469 	 47.250000 	 11157.973661 
2.051843 	 -0.085122 	 -8.044002 	 47.250000 	 11180.770243 
1.966721 	 -0.089237 	 -8.432936 	 47.250000 	 11203.545443 
1.877484 	 -0.054151 	 -5.117271 	 47.250000 	 11226.296325 
1.823333 	 -0.052341 	 -4.946220 	 47.250000 	 11249.022819 
1.770992 	 0.018283 	 1.727723 	 47.250000 	 11271.728488 
1.789275 	 0.081407 	 7.692957 	 47.250000 	 11294.419637 
1.870682 	 0.043475 	 4.108389 	 47.250000 	 11317.101324 
1.914157 	 0.001449 	 0.136905 	 47.250000 	 11339.775105 
1.915605 	 -0.020346 	 -1.922686 	 47.250000 	 11362.440299 
1.895260 	 -0.037558 	 -3.549249 	 47.250000 	 11385.096618 
1.857701 	 -0.010277 	 -0.971215 	 47.250000 	 11407.746766 
1.847424 	 0.010584 	 1.000214 	 47.250000 	 11430.396766 
1.858008 	 -0.011499 	 -1.086686 	 47.250000 	 11453.053651 
1.846509 	 -0.028908 	 -2.731827 	 47.250000 	 11475.723212 
1.817601 	 -0.053586 	 -5.063849 	 47.250000 	 11498.408865 
1.764015 	 -0.067698 	 -6.397457 	 47.250000 	 11521.111955 
1.696317 	 -0.020607 	 -1.947380 	 47.250000 	 11543.833363 
1.675710 	 0.052296 	 4.941999 	 47.250000 	 11566.573737 
1.728006 	 0.069413 	 6.559563 	 47.250000 	 11589.330971 
1.797419 	 0.043427 	 4.103805 	 47.250000 	 11612.098246 
1.840846 	 0.029515 	 2.789199 	 47.250000 	 11634.865094 
1.870361 	 0.018183 	 1.718281 	 47.250000 	 11657.620106 
1.888544 	 0.003151 	 0.297805 	 47.250000 	 11680.353915 
1.891696 	 0.003205 	 0.302892 	 47.250000 	 11703.061459 
1.894901 	 0.001743 	 0.164703 	 47.250000 	 11725.742425 
1.896644 	 -0.009238 	 -0.872983 	 47.250000 	 11748.400048 
1.887406 	 -0.029578 	 -2.795098 	 47.250000 	 11771.039438 
1.857828 	 -0.037580 	 -3.551340 	 47.250000 	 11793.666221 
1.820248 	 -0.025273 	 -2.388252 	 47.250000 	 11816.285689 
1.794975 	 -0.034627 	 -3.272262 	 47.250000 	 11838.901895 
1.760348 	 -0.051480 	 -4.864844 	 47.250000 	 11861.517624 
1.708868 	 0.010382 	 0.981082 	 47.250000 	 11884.136234 
1.719250 	 0.117729 	 11.125360 	 47.250000 	 11906.762582 
1.836979 	 0.107395 	 10.148806 	 47.250000 	 11929.400687 
1.944373 	 0.004592 	 0.433902 	 47.250000 	 11952.052154 
1.948965 	 -0.027477 	 -2.596572 	 47.250000 	 11974.719002 
1.921488 	 0.050080 	 4.732587 	 47.250000 	 11997.406289 
1.971568 	 0.070079 	 6.622443 	 47.250000 	 12020.118832 
2.041647 	 -0.007855 	 -0.742265 	 47.250000 	 12042.855803 
2.033792 	 -0.046743 	 -4.417173 	 47.250000 	 12065.610219 
1.987050 	 -0.019491 	 -1.841930 	 47.250000 	 12088.372490 
1.967559 	 -0.037493 	 -3.543080 	 47.250000 	 12111.133889 
1.930066 	 -0.049425 	 -4.670652 	 47.250000 	 12133.888881 
1.880641 	 0.004569 	 0.431735 	 47.250000 	 12156.635952 
1.885209 	 -0.035698 	 -3.373470 	 47.250000 	 12179.374609 
1.849511 	 -0.009089 	 -0.858953 	 47.250000 	 12202.102269 
1.840422 	 0.055983 	 5.290380 	 47.250000 	 12224.815161 
1.896405 	 0.046980 	 4.439577 	 47.250000 	 12247.511566 
1.943384 	 0.012815 	 1.211052 	 47.250000 	 12270.194695 
1.956200 	 -0.010655 	 -1.006897 	 47.250000 	 12292.872167 
1.945545 	 -0.010347 	 -0.977792 	 47.250000 	 12315.552347 
1.935198 	 -0.025956 	 -2.452802 	 47.250000 	 12338.240104 
1.909242 	 -0.050442 	 -4.766788 	 47.250000 	 12360.934516 
1.858800 	 -0.021125 	 -1.996347 	 47.250000 	 12383.629926 
1.837675 	 0.023817 	 2.250699 	 47.250000 	 12406.320185 
1.861491 	 0.053811 	 5.085113 	 47.250000 	 12429.003350 
1.915302 	 0.050069 	 4.731487 	 47.250000 	 12451.682689 
1.965371 	 -0.001982 	 -0.187291 	 47.250000 	 12474.363861 
1.963389 	 -0.017169 	 -1.622467 	 47.250000 	 12497.051713 
1.946220 	 0.030963 	 2.925970 	 47.250000 	 12519.748394 
1.977183 	 0.035729 	 3.376379 	 47.250000 	 12542.452387 
2.012911 	 0.010691 	 1.010345 	 47.250000 	 12565.158831 
2.023603 	 0.002589 	 0.244661 	 47.250000 	 12587.861513 
2.026192 	 -0.012325 	 -1.164734 	 47.250000 	 12610.555541 
2.013867 	 -0.017357 	 -1.640230 	 47.250000 	 12633.239173 
1.996510 	 0.023635 	 2.233480 	 47.250000 	 12655.913138 
2.020144 	 0.022207 	 2.098525 	 47.250000 	 12678.578210 
2.042351 	 -0.049786 	 -4.704759 	 47.250000 	 12701.234768 
1.992565 	 -0.119248 	 -11.268936 	 47.250000 	 12723.884725 
1.873317 	 -0.115721 	 -10.935628 	 47.250000 	 12746.532727 
1.757596 	 -0.066246 	 -6.260262 	 47.250000 	 12769.184633 
1.691350 	 -0.068826 	 -6.504030 	 47.250000 	 12791.843982 
1.622524 	 -0.025809 	 -2.438975 	 47.250000 	 12814.510071 
1.596715 	 0.032410 	 3.062763 	 47.250000 	 12837.178262 
1.629125 	 0.040194 	 3.798314 	 47.250000 	 12859.841493 
1.669319 	 0.051600 	 4.876186 	 47.250000 	 12882.493860 
1.720919 	 0.076025 	 7.184390 	 47.250000 	 12905.133462 
1.796944 	 0.034668 	 3.276147 	 47.250000 	 12927.761440 
1.831613 	 -0.012775 	 -1.207245 	 47.250000 	 12950.379924 
1.818838 	 0.005606 	 0.529743 	 47.250000 	 12972.991712 
1.824443 	 0.002650 	 0.250412 	 47.250000 	 12995.600182 
1.827093 	 -0.019262 	 -1.820253 	 47.250000 	 13018.209206 
1.807831 	 0.046898 	 4.431884 	 47.250000 	 13040.823861 
1.854729 	 0.092632 	 8.753769 	 47.250000 	 13063.449171 
1.947362 	 0.056281 	 5.318549 	 47.250000 	 13086.087089 
2.003643 	 -0.006981 	 -0.659690 	 47.250000 	 13108.735366 
1.996662 	 -0.079712 	 -7.532821 	 47.250000 	 13131.388062 
1.916950 	 -0.114956 	 -10.863377 	 47.250000 	 13154.036906 
1.801993 	 -0.077509 	 -7.324615 	 47.250000 	 13176.673644 
1.724484 	 -0.008167 	 -0.771785 	 47.250000 	 13199.292185 
1.716317 	 0.055915 	 5.283948 	 47.250000 	 13221.889962 
1.772232 	 0.056418 	 5.331546 	 47.250000 	 13244.468519 
1.828650 	 0.021602 	 2.041388 	 47.250000 	 13267.032968 
1.850252 	 0.027290 	 2.578874 	 47.250000 	 13289.590392 
1.877542 	 0.024421 	 2.307805 	 47.250000 	 13312.147296 
1.901963 	 -0.001909 	 -0.180404 	 47.250000 	 13334.707460 
1.900054 	 0.020183 	 1.907286 	 47.250000 	 13357.271961 
1.920237 	 0.048372 	 4.571178 	 47.250000 	 13379.840224 
1.968609 	 -0.005993 	 -0.566367 	 47.250000 	 13402.410727 
1.962616 	 -0.078562 	 -7.424125 	 47.250000 	 13424.982249 
1.884054 	 -0.075780 	 -7.161257 	 47.250000 	 13447.555554 
1.808273 	 -0.006039 	 -0.570709 	 47.250000 	 13470.133885 
1.802234 	 0.058837 	 5.560144 	 47.250000 	 13492.721323 
1.861072 	 -0.000057 	 -0.005356 	 47.250000 	 13515.319192 
1.861015 	 -0.107330 	 -10.142678 	 47.250000 	 13537.924455 
1.753685 	 -0.135310 	 -12.786784 	 47.250000 	 13560.532845 
1.618375 	 -0.043054 	 -4.068581 	 47.250000 	 13583.142472 
1.575321 	 0.112759 	 10.655706 	 47.250000 	 13605.753888 
1.688080 	 0.128484 	 12.141750 	 47.250000 	 13628.366942 
1.816564 	 -0.745660 	 -70.464874 	 47.250000 	 13650.980452 
1.070904 	 0.080517 	 7.608826 	 47.250000 	 13673.594926 
1.151421 	 0.081365 	 7.688974 	 47.250000 	 13696.212202 
1.232786 	 0.092549 	 8.745838 	 47.250000 	 13718.834063 
1.325334 	 0.113949 	 10.768176 	 47.250000 	 13741.462171 
1.439283 	 0.092633 	 8.753796 	 47.250000 	 13764.097635 
1.531916 	 0.015663 	 1.480160 	 47.250000 	 13786.740440 
1.547579 	 -0.038580 	 -3.645830 	 47.250000 	 13809.390085 
1.508999 	 -0.047916 	 -4.528085 	 47.250000 	 13832.046381 
1.461083 	 -0.023053 	 -2.178535 	 47.250000 	 13854.708964 
1.438029 	 0.015968 	 1.508941 	 47.250000 	 13877.376802 
1.453997 	 -0.009720 	 -0.918528 	 47.250000 	 13900.048026 
1.444277 	 -0.066921 	 -6.323994 	 47.250000 	 13922.720058 
1.377356 	 -0.077433 	 -7.317372 	 47.250000 	 13945.390492 
1.299924 	 -0.043163 	 -4.078940 	 47.250000 	 13968.057991 
1.256761 	 -0.001226 	 -0.115840 	 47.250000 	 13990.722656 
1.255535 	 0.029201 	 2.759540 	 47.250000 	 14013.385640 
1.284736 	 0.016288 	 1.539193 	 47.250000 	 14036.048180 
1.301024 	 -0.026899 	 -2.541973 	 47.250000 	 14058.711301 
1.274125 	 -0.029139 	 -2.753634 	 47.250000 	 14081.376797 
1.244986 	 0.008080 	 0.763554 	 47.250000 	 14104.047503 
1.253066 	 0.035667 	 3.370499 	 47.250000 	 14126.725711 
1.288732 	 0.051644 	 4.880364 	 47.250000 	 14149.411332 
1.340377 	 0.054743 	 5.173185 	 47.250000 	 14172.101277 
1.395119 	 0.022749 	 2.149827 	 47.250000 	 14194.790124 
1.417869 	 -0.026268 	 -2.482326 	 47.250000 	 14217.471692 
1.391601 	 -0.047040 	 -4.445272 	 47.250000 	 14240.141076 
1.344561 	 -0.027160 	 -2.566595 	 47.250000 	 14262.796163 
1.317401 	 0.009259 	 0.874971 	 47.250000 	 14285.437500 
1.326660 	 0.052299 	 4.942212 	 47.250000 	 14308.067052 
1.378959 	 0.078604 	 7.428043 	 47.250000 	 14330.687192 
1.457562 	 0.056500 	 5.339249 	 47.250000 	 14353.300337 
1.514062 	 -0.004400 	 -0.415828 	 47.250000 	 14375.909155 
1.509662 	 -0.067535 	 -6.382089 	 47.250000 	 14398.517188 
1.442127 	 -0.093979 	 -8.880975 	 47.250000 	 14421.129189 
1.348148 	 -0.055781 	 -5.271344 	 47.250000 	 14443.750661 
1.292367 	 0.013832 	 1.307170 	 47.250000 	 14466.386345 
1.306199 	 0.051664 	 4.882255 	 47.250000 	 14489.038280 
1.357863 	 0.053425 	 5.048635 	 47.250000 	 14511.705200 
1.411288 	 0.011061 	 1.045245 	 47.250000 	 14534.383257 
1.422349 	 -0.052214 	 -4.934259 	 47.250000 	 14557.067300 
1.370134 	 -0.049110 	 -4.640920 	 47.250000 	 14579.752815 
1.321024 	 0.036207 	 3.421585 	 47.250000 	 14602.437522 
1.357231 	 0.091005 	 8.599991 	 47.250000 	 14625.121026 
1.448236 	 0.060899 	 5.754999 	 47.250000 	 14647.803261 
1.509136 	 0.008230 	 0.777722 	 47.250000 	 14670.483943 
1.517366 	 -0.012291 	 -1.161524 	 47.250000 	 14693.163064 
1.505074 	 -0.006923 	 -0.654179 	 47.250000 	 14715.841111 
1.498152 	 -0.004435 	 -0.419071 	 47.250000 	 14738.518537 
1.493717 	 -0.007498 	 -0.708591 	 47.250000 	 14761.194984 
1.486219 	 0.007489 	 0.707686 	 47.250000 	 14783.868960 
1.493708 	 0.014967 	 1.414345 	 47.250000 	 14806.537780 
1.508674 	 -0.015126 	 -1.429360 	 47.250000 	 14829.197704 
1.493549 	 -0.060468 	 -5.714180 	 47.250000 	 14851.845043 
1.433081 	 -0.084077 	 -7.945233 	 47.250000 	 14874.478102 
1.349005 	 -0.056054 	 -5.297065 	 47.250000 	 14897.098681 
1.292951 	 0.023962 	 2.264445 	 47.250000 	 14919.712111 
1.316914 	 0.076537 	 7.232703 	 47.250000 	 14942.325062 
1.393450 	 0.051096 	 4.828536 	 47.250000 	 14964.942332 
1.444546 	 -0.000574 	 -0.054249 	 47.250000 	 14987.565619 
1.443972 	 -0.013339 	 -1.260543 	 47.250000 	 15010.194671 
1.430633 	 -0.013060 	 -1.234134 	 47.250000 	 15032.828563 
1.417573 	 -0.028402 	 -2.684023 	 47.250000 	 15055.465882 
1.389171 	 -0.035306 	 -3.336457 	 47.250000 	 15078.104824 
1.353864 	 -0.058386 	 -5.517514 	 47.250000 	 15100.743795 
1.295478 	 -0.058996 	 -5.575096 	 47.250000 	 15123.382630 
1.236482 	 0.005257 	 0.496783 	 47.250000 	 15146.023561 
1.241739 	 0.040470 	 3.824432 	 47.250000 	 15168.670060 
1.282209 	 0.064221 	 6.068846 	 47.250000 	 15191.325118 
1.346430 	 0.100398 	 9.487581 	 47.250000 	 15213.991101 
1.446827 	 0.088938 	 8.404614 	 47.250000 	 15236.669605 
1.535765 	 0.049277 	 4.656630 	 47.250000 	 15259.360496 
1.585042 	 0.008815 	 0.832990 	 47.250000 	 15282.061217 
1.593856 	 -0.024267 	 -2.293208 	 47.250000 	 15304.767130 
1.569590 	 -0.056799 	 -5.367465 	 47.250000 	 15327.472832 
1.512791 	 -0.107655 	 -10.173422 	 47.250000 	 15350.173962 
1.405136 	 -0.137272 	 -12.972172 	 47.250000 	 15372.869444 
1.267864 	 -0.051935 	 -4.907817 	 47.250000 	 15395.563400 
1.215930 	 0.076228 	 7.203529 	 47.250000 	 15418.263687 
1.292157 	 0.106844 	 10.096713 	 47.250000 	 15440.976825 
1.399001 	 0.088135 	 8.328777 	 47.250000 	 15463.704901 
1.487136 	 0.081376 	 7.690048 	 47.250000 	 15486.446246 
1.568512 	 0.055083 	 5.205360 	 47.250000 	 15509.197097 
1.623595 	 0.006345 	 0.599598 	 47.250000 	 15531.953507 
1.629940 	 -0.021304 	 -2.013218 	 47.250000 	 15554.713385 
1.608637 	 -0.030271 	 -2.860578 	 47.250000 	 15577.477220 
1.578366 	 -0.035393 	 -3.344598 	 47.250000 	 15600.246847 
1.542973 	 -0.033220 	 -3.139298 	 47.250000 	 15623.023643 
1.509753 	 -0.036430 	 -3.442677 	 47.250000 	 15645.807360 
1.473323 	 -0.036198 	 -3.420692 	 47.250000 	 15668.596022 
1.437125 	 -0.005732 	 -0.541703 	 47.250000 	 15691.386949 
1.431393 	 0.041816 	 3.951565 	 47.250000 	 15714.177879 
1.473208 	 0.038367 	 3.625647 	 47.250000 	 15736.966922 
1.511575 	 -0.033699 	 -3.184593 	 47.250000 	 15759.752063 
1.477875 	 -0.088289 	 -8.343292 	 47.250000 	 15782.531989 
1.389587 	 -0.074483 	 -7.038639 	 47.250000 	 15805.307188 
1.315104 	 -0.041061 	 -3.880289 	 47.250000 	 15828.079149 
1.274042 	 -0.014903 	 -1.408317 	 47.250000 	 15850.848432 
1.259140 	 0.036010 	 3.402971 	 47.250000 	 15873.613927 
1.295150 	 0.077641 	 7.337084 	 47.250000 	 15896.373135 
1.372791 	 0.059120 	 5.586835 	 47.250000 	 15919.122469 
1.431911 	 0.010644 	 1.005865 	 47.250000 	 15941.858374 
1.442555 	 -0.004838 	 -0.457203 	 47.250000 	 15964.579248 
1.437717 	 0.034380 	 3.248937 	 47.250000 	 15987.286266 
1.472097 	 0.039166 	 3.701203 	 47.250000 	 16009.981748 
1.511263 	 -0.017714 	 -1.673965 	 47.250000 	 16032.667220 
1.493549 	 -0.049826 	 -4.708527 	 47.250000 	 16055.343965 
1.443724 	 -0.019776 	 -1.868869 	 47.250000 	 16078.014474 
1.423947 	 0.027702 	 2.617867 	 47.250000 	 16100.682127 
1.451650 	 0.030955 	 2.925245 	 47.250000 	 16123.349547 
1.482605 	 -0.025006 	 -2.363075 	 47.250000 	 16146.017948 
1.457598 	 -0.085535 	 -8.083025 	 47.250000 	 16168.688605 
1.372064 	 -0.080131 	 -7.572406 	 47.250000 	 16191.364862 
1.291933 	 0.001193 	 0.112737 	 47.250000 	 16214.051439 
1.293126 	 0.079850 	 7.545842 	 47.250000 	 16236.750501 
1.372976 	 0.065035 	 6.145805 	 47.250000 	 16259.458441 
1.438011 	 -0.022223 	 -2.100092 	 47.250000 	 16282.167211 
1.415788 	 -0.107538 	 -10.162307 	 47.250000 	 16304.869019 
1.308250 	 -0.098217 	 -9.281516 	 47.250000 	 16327.560363 
1.210033 	 0.042344 	 4.001545 	 47.250000 	 16350.242853 
1.252377 	 0.127300 	 12.029851 	 47.250000 	 16372.920087 
1.379677 	 0.077983 	 7.369402 	 47.250000 	 16395.594241 
1.457660 	 0.006652 	 0.628628 	 47.250000 	 16418.266111 
1.464312 	 -0.016013 	 -1.513188 	 47.250000 	 16440.936906 
1.448300 	 -0.005265 	 -0.497506 	 47.250000 	 16463.608971 
1.443035 	 0.011488 	 1.085643 	 47.250000 	 16486.285185 
1.454524 	 0.026576 	 2.511439 	 47.250000 	 16508.968149 
1.481100 	 0.030435 	 2.876128 	 47.250000 	 16531.659812 
1.511535 	 0.025918 	 2.449238 	 47.250000 	 16554.361624 
1.537453 	 0.010260 	 0.969613 	 47.250000 	 16577.074784 
1.547713 	 -0.019334 	 -1.827046 	 47.250000 	 16599.800205 
1.528379 	 -0.038873 	 -3.673475 	 47.250000 	 16622.538501 
1.489507 	 -0.038484 	 -3.636747 	 47.250000 	 16645.290077 
1.451022 	 -0.025666 	 -2.425419 	 47.250000 	 16668.055178 
1.425357 	 0.002118 	 0.200140 	 47.250000 	 16690.833883 
1.427475 	 0.045849 	 4.332775 	 47.250000 	 16713.625531 
1.473324 	 0.066064 	 6.243093 	 47.250000 	 16736.426966 
1.539388 	 0.030799 	 2.910511 	 47.250000 	 16759.231025 
1.570188 	 -0.035668 	 -3.370594 	 47.250000 	 16782.027952 
1.534520 	 -0.082791 	 -7.823761 	 47.250000 	 16804.809315 
1.451729 	 -0.065186 	 -6.160090 	 47.250000 	 16827.571362 
1.386543 	 0.007326 	 0.692325 	 47.250000 	 16850.316052 
1.393869 	 0.065816 	 6.219618 	 47.250000 	 16873.049622 
1.459685 	 0.042752 	 4.040030 	 47.250000 	 16895.779397 
1.502437 	 -0.045341 	 -4.284683 	 47.250000 	 16918.510943 
1.457096 	 -0.094147 	 -8.896880 	 47.250000 	 16941.247677 
1.362949 	 -0.038653 	 -3.652729 	 47.250000 	 16963.992055 
1.324296 	 0.042337 	 4.000801 	 47.250000 	 16986.745680 
1.366632 	 0.080616 	 7.618230 	 47.250000 	 17009.508067 
1.447249 	 0.101283 	 9.571233 	 47.250000 	 17032.276311 
1.548531 	 0.081201 	 7.673533 	 47.250000 	 17055.046292 
1.629733 	 0.010504 	 0.992639 	 47.250000 	 17077.814143 
1.640237 	 -0.061780 	 -5.838252 	 47.250000 	 17100.577162 
1.578457 	 -0.108897 	 -10.290783 	 47.250000 	 17123.334262 
1.469559 	 -0.121650 	 -11.495923 	 47.250000 	 17146.086089 
1.347909 	 -0.088362 	 -8.350233 	 47.250000 	 17168.834694 
1.259547 	 -0.023574 	 -2.227743 	 47.250000 	 17191.582488 
1.235973 	 0.034000 	 3.213031 	 47.250000 	 17214.330658 
1.269973 	 0.055663 	 5.260188 	 47.250000 	 17237.078034 
1.325637 	 0.044651 	 4.219498 	 47.250000 	 17259.821162 
1.370288 	 0.012958 	 1.224497 	 47.250000 	 17282.555642 
1.383245 	 -0.047254 	 -4.465491 	 47.250000 	 17305.278052 
1.335991 	 -0.056361 	 -5.326151 	 47.250000 	 17327.988117 
1.279630 	 0.046387 	 4.383577 	 47.250000 	 17350.690210 
1.326017 	 0.135592 	 12.813433 	 47.250000 	 17373.391813 
1.461609 	 0.118678 	 11.215081 	 47.250000 	 17396.099780 
1.580287 	 0.044496 	 4.204859 	 47.250000 	 17418.818104 
1.624783 	 -0.020407 	 -1.928473 	 47.250000 	 17441.548161 
1.604376 	 -0.032435 	 -3.065095 	 47.250000 	 17464.290111 
1.571941 	 -0.003696 	 -0.349319 	 47.250000 	 17487.043746 
1.568244 	 -0.005574 	 -0.526772 	 47.250000 	 17509.807624 
1.562670 	 -0.053066 	 -5.014739 	 47.250000 	 17532.577694 
1.509604 	 -0.088922 	 -8.403107 	 47.250000 	 17555.347656 
1.420682 	 -0.049236 	 -4.652846 	 47.250000 	 17578.111199 
1.371446 	 0.037946 	 3.585859 	 47.250000 	 17600.863952 
1.409391 	 0.070768 	 6.687562 	 47.250000 	 17623.603357 
1.480159 	 0.036937 	 3.490565 	 47.250000 	 17646.327839 
1.517096 	 -0.018739 	 -1.770836 	 47.250000 	 17669.036997 
1.498357 	 -0.064259 	 -6.072466 	 47.250000 	 17691.732354 
1.434099 	 -0.066796 	 -6.312187 	 47.250000 	 17714.418028 
1.367303 	 0.004303 	 0.406636 	 47.250000 	 17737.100645 
1.371606 	 0.086545 	 8.178526 	 47.250000 	 17759.787259 
1.458151 	 0.080502 	 7.607435 	 47.250000 	 17782.481505 
1.538653 	 -0.005883 	 -0.555983 	 47.250000 	 17805.181379 
1.532770 	 -0.105424 	 -9.962540 	 47.250000 	 17827.881266 
1.427346 	 -0.133472 	 -12.613093 	 47.250000 	 17850.576785 
1.293874 	 -0.015372 	 -1.452688 	 47.250000 	 17873.268851 
1.278502 	 0.106943 	 10.106088 	 47.250000 	 17895.963234 
1.385445 	 0.119289 	 11.272839 	 47.250000 	 17918.666106 
1.504734 	 0.082432 	 7.789862 	 47.250000 	 17941.380180 
1.587166 	 0.002593 	 0.245003 	 47.250000 	 17964.103715 
1.589759 	 -0.066726 	 -6.305561 	 47.250000 	 17986.832388 
1.523033 	 -0.070820 	 -6.692507 	 47.250000 	 18009.562437 
1.452213 	 -0.047476 	 -4.486470 	 47.250000 	 18032.292342 
1.404737 	 -0.008347 	 -0.788785 	 47.250000 	 18055.023006 
1.396390 	 0.035305 	 3.336306 	 47.250000 	 18077.757289 
1.431695 	 0.020865 	 1.971726 	 47.250000 	 18100.498445 
1.452560 	 -0.031653 	 -2.991247 	 47.250000 	 18123.249205 
1.420907 	 -0.059442 	 -5.617228 	 47.250000 	 18146.012734 
1.361465 	 -0.023913 	 -2.259801 	 47.250000 	 18168.793466 
1.337552 	 -0.274641 	 -25.953535 	 47.250000 	 18191.594952 
1.062911 	 0.120754 	 11.411217 	 47.250000 	 18214.418935 
1.183665 	 0.102175 	 9.655536 	 47.250000 	 18237.263687 
1.285840 	 0.053070 	 5.015119 	 47.250000 	 18260.121733 
1.338910 	 0.019001 	 1.795576 	 47.250000 	 18282.982315 
1.357911 	 0.001928 	 0.182173 	 47.250000 	 18305.834944 
1.359838 	 -0.011278 	 -1.065758 	 47.250000 	 18328.672120 
1.348561 	 -0.028309 	 -2.675227 	 47.250000 	 18351.490230 
1.320251 	 -0.053094 	 -5.017363 	 47.250000 	 18374.288938 
1.267157 	 -0.079645 	 -7.526452 	 47.250000 	 18397.070001 
1.187512 	 -0.092207 	 -8.713569 	 47.250000 	 18419.836399 
1.095305 	 -0.056562 	 -5.345112 	 47.250000 	 18442.592049 
1.038743 	 0.039863 	 3.767050 	 47.250000 	 18465.341340 
1.078606 	 0.121436 	 11.475728 	 47.250000 	 18488.087507 
1.200043 	 0.111449 	 10.531911 	 47.250000 	 18510.830521 
1.311491 	 0.042643 	 4.029778 	 47.250000 	 18533.566959 
1.354135 	 -0.026210 	 -2.476853 	 47.250000 	 18556.292403 
1.327924 	 -0.073773 	 -6.971535 	 47.250000 	 18579.004289 
1.254152 	 -0.087467 	 -8.265644 	 47.250000 	 18601.703589 
1.166684 	 -0.048829 	 -4.614360 	 47.250000 	 18624.395316 
1.117855 	 0.030320 	 2.865260 	 47.250000 	 18647.087731 
1.148175 	 0.095263 	 9.002377 	 47.250000 	 18669.789805 
1.243439 	 0.100200 	 9.468873 	 47.250000 	 18692.507860 
1.343638 	 0.024894 	 2.352506 	 47.250000 	 18715.243359 
1.368533 	 -0.066793 	 -6.311896 	 47.250000 	 18737.993704 
1.301740 	 -0.031459 	 -2.972921 	 47.250000 	 18760.755522 
1.270281 	 0.042479 	 4.014305 	 47.250000 	 18783.525988 
1.312760 	 0.027266 	 2.576674 	 47.250000 	 18806.301520 
1.340026 	 0.006465 	 0.610959 	 47.250000 	 18829.078371 
1.346492 	 0.003373 	 0.318711 	 47.250000 	 18851.854572 
1.349864 	 0.008961 	 0.846854 	 47.250000 	 18874.630257 
1.358826 	 0.011309 	 1.068668 	 47.250000 	 18897.406640 
1.370134 	 -0.000808 	 -0.076319 	 47.250000 	 18920.184442 
1.369327 	 -0.010341 	 -0.977247 	 47.250000 	 18942.962786 
1.358985 	 -0.005020 	 -0.474399 	 47.250000 	 18965.739211 
1.353965 	 0.006885 	 0.650631 	 47.250000 	 18988.510361 
1.360850 	 0.021054 	 1.989584 	 47.250000 	 19011.272898 
1.381904 	 0.018262 	 1.725779 	 47.250000 	 19034.024068 
1.400166 	 -0.019324 	 -1.826144 	 47.250000 	 19056.761843 
1.380842 	 -0.070548 	 -6.666795 	 47.250000 	 19079.485526 
1.310294 	 -0.091365 	 -8.633968 	 47.250000 	 19102.197221 
1.218929 	 -0.060435 	 -5.711063 	 47.250000 	 19124.902809 
1.158495 	 -0.008553 	 -0.808218 	 47.250000 	 19147.610415 
1.149942 	 0.041199 	 3.893307 	 47.250000 	 19170.326944 
1.191141 	 0.072233 	 6.826058 	 47.250000 	 19193.055587 
1.263375 	 0.049555 	 4.682953 	 47.250000 	 19215.795462 
1.312930 	 0.009490 	 0.896826 	 47.250000 	 19238.543040 
1.322420 	 -0.011355 	 -1.073024 	 47.250000 	 19261.294364 
1.311065 	 -0.026902 	 -2.542196 	 47.250000 	 19284.046349 
1.284164 	 -0.037890 	 -3.580645 	 47.250000 	 19306.797157 
1.246273 	 -0.006847 	 -0.647041 	 47.250000 	 19329.546641 
1.239426 	 0.067010 	 6.332475 	 47.250000 	 19352.296246 
1.306436 	 0.114096 	 10.782061 	 47.250000 	 19375.047491 
1.420532 	 0.087973 	 8.313417 	 47.250000 	 19397.799962 
1.508505 	 0.012670 	 1.197279 	 47.250000 	 19420.550695 
1.521175 	 -0.073359 	 -6.932426 	 47.250000 	 19443.295987 
1.447816 	 -0.108449 	 -10.248461 	 47.250000 	 19466.034918 
1.339366 	 -0.036054 	 -3.407108 	 47.250000 	 19488.771613 
1.303312 	 0.055983 	 5.290440 	 47.250000 	 19511.512858 
1.359296 	 0.058980 	 5.573574 	 47.250000 	 19534.263123 
1.418275 	 -0.024446 	 -2.310122 	 47.250000 	 19557.021932 
1.393830 	 -0.089379 	 -8.446319 	 47.250000 	 19579.785053 
1.304451 	 -0.055309 	 -5.226737 	 47.250000 	 19602.547652 
1.249141 	 -0.026424 	 -2.497104 	 47.250000 	 19625.305818 
1.222717 	 -0.046007 	 -4.347692 	 47.250000 	 19648.056528 
1.176710 	 -0.030079 	 -2.842459 	 47.250000 	 19670.798511 
1.146631 	 0.039037 	 3.689000 	 47.250000 	 19693.532769 
1.185668 	 0.083924 	 7.930845 	 47.250000 	 19716.260983 
1.269592 	 0.053429 	 5.049004 	 47.250000 	 19738.983455 
1.323021 	 -0.013434 	 -1.269549 	 47.250000 	 19761.699010 
1.309586 	 -0.069081 	 -6.528164 	 47.250000 	 19784.406635 
1.240505 	 -0.079849 	 -7.545727 	 47.250000 	 19807.107076 
1.160656 	 -0.044565 	 -4.211360 	 47.250000 	 19829.803043 
1.116091 	 0.030537 	 2.885737 	 47.250000 	 19852.498036 
1.146628 	 0.102358 	 9.672861 	 47.250000 	 19875.194886 
1.248987 	 0.105023 	 9.924709 	 47.250000 	 19897.895197 
1.354010 	 0.044239 	 4.180576 	 47.250000 	 19920.600227 
1.398249 	 -0.026593 	 -2.513014 	 47.250000 	 19943.312182 
1.371656 	 -0.061534 	 -5.814944 	 47.250000 	 19966.034384 
1.310122 	 -0.060726 	 -5.738654 	 47.250000 	 19988.770138 
1.249396 	 -0.035313 	 -3.337097 	 47.250000 	 20011.521063 
1.214083 	 -0.001200 	 -0.113420 	 47.250000 	 20034.285953 
1.212882 	 0.018694 	 1.766560 	 47.250000 	 20057.060938 
1.231576 	 0.035171 	 3.323651 	 47.250000 	 20079.840973 
1.266747 	 0.068757 	 6.497574 	 47.250000 	 20102.621659 
1.335505 	 0.084702 	 8.004352 	 47.250000 	 20125.400121 
1.420207 	 0.054131 	 5.115364 	 47.250000 	 20148.174701 
1.474338 	 0.008463 	 0.799765 	 47.250000 	 20170.944478 
1.482801 	 -0.032569 	 -3.077791 	 47.250000 	 20193.709056 
1.450231 	 -0.058287 	 -5.508128 	 47.250000 	 20216.468676 
1.391944 	 -0.041339 	 -3.906576 	 47.250000 	 20239.224827 
1.350605 	 0.000969 	 0.091545 	 47.250000 	 20261.980580 
1.351574 	 0.023679 	 2.237669 	 47.250000 	 20284.739904 
1.375253 	 0.018074 	 1.708009 	 47.250000 	 20307.506368 
1.393327 	 -0.014103 	 -1.332734 	 47.250000 	 20330.281862 
1.379224 	 -0.054217 	 -5.123494 	 47.250000 	 20353.066048 
1.325007 	 -0.046265 	 -4.372056 	 47.250000 	 20375.857143 
1.278742 	 -0.000273 	 -0.025752 	 47.250000 	 20398.653224 
1.278469 	 0.012678 	 1.198027 	 47.250000 	 20421.452611 
1.291147 	 0.005675 	 0.536254 	 47.250000 	 20444.253671 
1.296822 	 -0.000933 	 -0.088173 	 47.250000 	 20467.054899 
1.295888 	 -0.013472 	 -1.273102 	 47.250000 	 20489.855433 
1.282416 	 0.001829 	 0.172885 	 47.250000 	 20512.656257 
1.284246 	 0.058413 	 5.519999 	 47.250000 	 20535.460791 
1.342659 	 0.073933 	 6.986679 	 47.250000 	 20558.273064 
1.416592 	 0.017187 	 1.624216 	 47.250000 	 20581.094932 
1.433779 	 -0.045067 	 -4.258854 	 47.250000 	 20603.925212 
1.388712 	 -0.075778 	 -7.161047 	 47.250000 	 20626.760727 
1.312934 	 -0.074026 	 -6.995494 	 47.250000 	 20649.597970 
1.238907 	 -0.044411 	 -4.196808 	 47.250000 	 20672.434523 
1.194497 	 0.004375 	 0.413442 	 47.250000 	 20695.269501 
1.198872 	 0.054255 	 5.127088 	 47.250000 	 20718.102944 
1.253127 	 0.065285 	 6.169442 	 47.250000 	 20740.934757 
1.318412 	 0.020432 	 1.930829 	 47.250000 	 20763.764057 
1.338844 	 -0.045343 	 -4.284947 	 47.250000 	 20786.589658 
1.293500 	 -0.079168 	 -7.481398 	 47.250000 	 20809.411678 
1.214332 	 -0.048281 	 -4.562589 	 47.250000 	 20832.232959 
1.166051 	 0.024138 	 2.281041 	 47.250000 	 20855.058397 
1.190189 	 0.066008 	 6.237797 	 47.250000 	 20877.892041 
1.256197 	 0.045291 	 4.279998 	 47.250000 	 20900.734118 
1.301488 	 -0.007806 	 -0.737630 	 47.250000 	 20923.580246 
1.293683 	 -0.043860 	 -4.144806 	 47.250000 	 20946.423116 
1.249822 	 -0.031523 	 -2.978967 	 47.250000 	 20969.255312 
1.218299 	 0.018587 	 1.756493 	 47.250000 	 20992.071734 
1.236886 	 0.052038 	 4.917603 	 47.250000 	 21014.870568 
1.288924 	 0.026478 	 2.502157 	 47.250000 	 21037.652910 
1.315402 	 -0.018194 	 -1.719347 	 47.250000 	 21060.422140 
1.297208 	 -0.012231 	 -1.155874 	 47.250000 	 21083.183345 
1.284976 	 0.038278 	 3.617294 	 47.250000 	 21105.941873 
1.323255 	 0.056118 	 5.303120 	 47.250000 	 21128.700960 
1.379372 	 0.017242 	 1.629380 	 47.250000 	 21151.460713 
1.396614 	 -0.024814 	 -2.344906 	 47.250000 	 21174.219914 
1.371801 	 -0.032075 	 -3.031061 	 47.250000 	 21196.978576 
1.339726 	 -0.021575 	 -2.038874 	 47.250000 	 21219.738664 
1.318150 	 -0.015491 	 -1.463885 	 47.250000 	 21242.502818 
1.302660 	 -0.016418 	 -1.551548 	 47.250000 	 21265.273027 
1.286241 	 -0.019367 	 -1.830190 	 47.250000 	 21288.050435 
1.266874 	 -0.008204 	 -0.775311 	 47.250000 	 21310.835672 
1.258670 	 0.026227 	 2.478425 	 47.250000 	 21333.628927 
1.284896 	 0.057791 	 5.461278 	 47.250000 	 21356.429634 
1.342688 	 0.035702 	 3.373838 	 47.250000 	 21379.236221 
1.378390 	 -0.027388 	 -2.588192 	 47.250000 	 21402.046437 
1.351001 	 -0.081493 	 -7.701085 	 47.250000 	 21424.858150 
1.269508 	 -0.093861 	 -8.869906 	 47.250000 	 21447.669839 
1.175647 	 -0.059520 	 -5.624655 	 47.250000 	 21470.480255 
1.116127 	 -0.008193 	 -0.774262 	 47.250000 	 21493.287766 
1.107934 	 0.038223 	 3.612074 	 47.250000 	 21516.090485 
1.146157 	 0.072028 	 6.806655 	 47.250000 	 21538.887297 
1.218185 	 0.067539 	 6.382463 	 47.250000 	 21561.677952 
1.285724 	 0.030186 	 2.852587 	 47.250000 	 21584.461852 
1.315910 	 0.004504 	 0.425586 	 47.250000 	 21607.237680 
1.320414 	 0.003819 	 0.360852 	 47.250000 	 21630.004491 
1.324232 	 0.025134 	 2.375203 	 47.250000 	 21652.762895 
1.349367 	 0.047851 	 4.521885 	 47.250000 	 21675.514925 
1.397217 	 0.019021 	 1.797500 	 47.250000 	 21698.262495 
1.416238 	 -0.045751 	 -4.323443 	 47.250000 	 21721.006374 
1.370488 	 -0.075175 	 -7.104007 	 47.250000 	 21743.746952 
1.295313 	 -0.042250 	 -3.992601 	 47.250000 	 21766.485372 
1.253063 	 0.012206 	 1.153458 	 47.250000 	 21789.223310 
1.265269 	 0.038475 	 3.635930 	 47.250000 	 21811.961641 
1.303745 	 0.014490 	 1.369258 	 47.250000 	 21834.699656 
1.318234 	 -0.036006 	 -3.402561 	 47.250000 	 21857.435877 
1.282228 	 -0.052344 	 -4.946529 	 47.250000 	 21880.169970 
1.229884 	 -0.022519 	 -2.128078 	 47.250000 	 21902.903911 
1.207365 	 0.000974 	 0.092088 	 47.250000 	 21925.640758 
1.208339 	 0.006213 	 0.587155 	 47.250000 	 21948.382403 
1.214552 	 0.014481 	 1.368497 	 47.250000 	 21971.128717 
1.229034 	 0.021133 	 1.997113 	 47.250000 	 21993.878395 
1.250167 	 0.016213 	 1.532088 	 47.250000 	 22016.630502 
1.266380 	 0.030300 	 2.863349 	 47.250000 	 22039.385787 
1.296680 	 0.064705 	 6.114581 	 47.250000 	 22062.146462 
1.361384 	 0.055650 	 5.258910 	 47.250000 	 22084.913926 
1.417034 	 -0.003035 	 -0.286841 	 47.250000 	 22107.686712 
1.413999 	 -0.041908 	 -3.960271 	 47.250000 	 22130.461003 
1.372091 	 -0.037732 	 -3.565699 	 47.250000 	 22153.232571 
1.334359 	 -0.018811 	 -1.777632 	 47.250000 	 22175.997954 
1.315548 	 0.010490 	 0.991273 	 47.250000 	 22198.754860 
1.326038 	 0.035522 	 3.356848 	 47.250000 	 22221.501969 
1.361560 	 0.021282 	 2.011159 	 47.250000 	 22244.238141 
1.382842 	 -0.015453 	 -1.460266 	 47.250000 	 22266.962343 
1.367389 	 -0.026629 	 -2.516434 	 47.250000 	 22289.674912 
1.340761 	 -0.017355 	 -1.640013 	 47.250000 	 22312.378456 
1.323406 	 -0.018800 	 -1.776617 	 47.250000 	 22335.077043 
1.304606 	 -0.029298 	 -2.768654 	 47.250000 	 22357.774714 
1.275308 	 -0.036095 	 -3.410944 	 47.250000 	 22380.474692 
1.239213 	 -0.050878 	 -4.807933 	 47.250000 	 22403.179163 
1.188336 	 -0.065524 	 -6.192039 	 47.250000 	 22425.889491 
1.122811 	 -0.037161 	 -3.511679 	 47.250000 	 22448.607051 
1.085651 	 0.034230 	 3.234763 	 47.250000 	 22471.333749 
1.119881 	 0.090221 	 8.525843 	 47.250000 	 22494.071156 
1.210102 	 0.097583 	 9.221627 	 47.250000 	 22516.818994 
1.307685 	 0.068397 	 6.463514 	 47.250000 	 22539.574574 
1.376082 	 0.008721 	 0.824163 	 47.250000 	 22562.333328 
1.384803 	 -0.068967 	 -6.517413 	 47.250000 	 22585.089980 
1.315836 	 -0.116456 	 -11.005126 	 47.250000 	 22607.840389 
1.199380 	 -0.094388 	 -8.919660 	 47.250000 	 22630.583163 
1.104992 	 -0.018453 	 -1.743835 	 47.250000 	 22653.319584 
1.086538 	 0.043736 	 4.133084 	 47.250000 	 22676.051687 
1.130275 	 0.057067 	 5.392861 	 47.250000 	 22698.780328 
