# Temperature 
 
1.330118 
2.302828 
3.689477 
5.084738 
6.154579 
6.841793 
7.298086 
7.670370 
7.994632 
8.265733 
8.392582 
7.893476 
5.848248 
4.693526 
5.461437 
5.935938 
5.823477 
5.972390 
5.870139 
5.226957 
5.199591 
5.735269 
6.688108 
7.489974 
7.391317 
7.024866 
6.660165 
6.155209 
5.824290 
6.386204 
6.233160 
6.497989 
6.905125 
6.987664 
7.071681 
6.728049 
6.800639 
6.474457 
6.876778 
6.844570 
6.337249 
5.815217 
5.875782 
6.414729 
6.531845 
6.685179 
6.621607 
6.690479 
6.585885 
6.231687 
6.104944 
6.331906 
6.782339 
6.962512 
6.978828 
6.982882 
7.004513 
6.441900 
6.204880 
6.184764 
6.381246 
6.816805 
7.132903 
7.105182 
6.920831 
7.233850 
7.179345 
6.378533 
5.854308 
6.693360 
7.214045 
6.346304 
6.002418 
6.576811 
6.491705 
6.544875 
6.862397 
6.586649 
6.622133 
6.470328 
5.842034 
5.859357 
6.372945 
7.021027 
6.893879 
6.582775 
6.660202 
6.631163 
6.531262 
6.883503 
6.903236 
6.543108 
6.112165 
5.747622 
5.647053 
6.388853 
6.780474 
7.299468 
6.851137 
6.819706 
