# Temperature 
 
1.330118 
2.302828 
3.689477 
5.084738 
6.154579 
6.841793 
7.298086 
7.670370 
7.994632 
8.265733 
8.392582 
7.893476 
5.848248 
4.693526 
5.461437 
5.935938 
5.823477 
5.972390 
5.870139 
5.226957 
5.199591 
5.735269 
6.688108 
7.489974 
7.391317 
7.024866 
6.660165 
6.155209 
5.824290 
6.386204 
6.233160 
6.497989 
6.905125 
6.987664 
7.071681 
6.728049 
6.800639 
6.474457 
6.876778 
6.844570 
6.337249 
5.815217 
5.875782 
6.414729 
6.531845 
6.685179 
6.621607 
6.690479 
6.585885 
6.231687 
6.104944 
6.331906 
6.782339 
6.962512 
6.978828 
6.982882 
7.004513 
6.441900 
6.204880 
6.184764 
6.381246 
6.816805 
7.132903 
7.105182 
6.920831 
7.233850 
7.179345 
6.378533 
5.854308 
6.693360 
7.214045 
6.346304 
6.002418 
6.576811 
6.491705 
6.544875 
6.862397 
6.586649 
6.622133 
6.470328 
5.842034 
5.859357 
6.372945 
7.021027 
6.893879 
6.582775 
6.660202 
6.631163 
6.531262 
6.883503 
6.903236 
6.543108 
6.112165 
5.747622 
5.647053 
6.388853 
6.780474 
7.299468 
6.851137 
6.819706 
6.553981 
6.332130 
6.339070 
6.651182 
6.824278 
6.412611 
5.782488 
5.693469 
6.169419 
6.490770 
6.471600 
6.525312 
7.004422 
7.058554 
7.494187 
7.289736 
6.638343 
6.563279 
6.724459 
6.489693 
6.546040 
6.503691 
6.556741 
6.224728 
6.038236 
6.426566 
7.078445 
7.437723 
7.413524 
7.183243 
6.954467 
6.476717 
5.956159 
6.311470 
6.536727 
6.792845 
6.991491 
7.029111 
7.067240 
7.170281 
7.462903 
7.209041 
6.531067 
6.682085 
6.884457 
6.445146 
6.324056 
6.852665 
7.137999 
7.533529 
7.677365 
7.232853 
6.703257 
6.501961 
7.216720 
8.152659 
7.989686 
7.400243 
7.360353 
7.105989 
6.380006 
6.249892 
6.119752 
6.149322 
6.605837 
6.665672 
6.791525 
7.053606 
6.743828 
5.973953 
6.072817 
6.725346 
7.170778 
7.537466 
7.388221 
7.090652 
6.955331 
6.517991 
6.778103 
6.976477 
7.232049 
6.906323 
6.459477 
6.932276 
7.415200 
7.276244 
6.940422 
6.542913 
6.293569 
6.638964 
7.017470 
6.880888 
6.618672 
6.732890 
6.970727 
7.079268 
7.049229 
6.762058 
6.827127 
6.721927 
6.211807 
6.059915 
6.247947 
6.684702 
6.927333 
6.604598 
6.568701 
6.574157 
6.566770 
6.547116 
6.832507 
6.456071 
6.719911 
7.061579 
6.989448 
7.045166 
6.928932 
6.747587 
6.590272 
6.589620 
6.889274 
6.947135 
6.770887 
6.846994 
6.915717 
6.643699 
6.532654 
7.259383 
7.074273 
6.753006 
6.898968 
6.640605 
6.034103 
6.266606 
7.150682 
7.415731 
6.983808 
6.495616 
6.607384 
6.697047 
7.125888 
7.695836 
7.791605 
6.965694 
5.757732 
5.827483 
6.477711 
7.074266 
7.142611 
6.742667 
6.708856 
7.086007 
7.363597 
6.943794 
6.213954 
6.072773 
6.485745 
6.665065 
6.744841 
7.436743 
7.337551 
7.103114 
7.007511 
6.934374 
6.411836 
6.530083 
6.774528 
7.131915 
7.195595 
6.599681 
6.918038 
7.895863 
8.245806 
7.669786 
6.717533 
6.359083 
6.935525 
7.333853 
7.350012 
6.990188 
7.136030 
7.344375 
7.554597 
7.192256 
6.836565 
7.294110 
8.003660 
8.006354 
7.643114 
7.706658 
7.783707 
7.531860 
7.293032 
7.060751 
7.233300 
7.405285 
7.698665 
8.179492 
8.070293 
7.485665 
